0  0  0  0  0  0  0  0  0  2  0  0  0  1  0  1  1  2  0  0  0  1  1  0  0  1  0  0  0  0  2  0  1  1  0  0  1  0  0  0  0  0  1  0  0  0  0  0  0  0  
0  0  0  0  0  0  3  2  5  10  7  13  16  6  5  13  9  3  5  4  3  4  5  5  3  5  1  1  3  0  3  3  0  1  0  0  0  0  0  0  0  0  0  0  0  0  0  0  0  0  
0  0  0  0  1  8  18  47  70  99  103  155  101  112  106  99  64  67  55  47  31  29  18  11  9  6  11  2  3  3  2  1  2  1  0  1  0  0  0  0  0  0  0  0  0  0  0  0  0  0  
0  0  0  4  9  57  173  413  743  1051  1211  1285  1113  1036  841  737  583  459  381  253  174  126  84  50  40  11  16  4  6  3  3  2  0  0  0  0  0  0  0  0  0  0  0  0  0  0  0  0  0  0  
0  0  1  9  98  404  1156  2756  4715  6634  7523  7541  6756  5906  4906  3820  2866  2256  1625  1053  705  442  226  151  82  39  32  12  10  2  3  1  2  0  0  0  0  0  0  0  0  0  0  0  0  0  0  0  0  0  
0  0  8  57  404  1676  5303  11772  21005  29107  33088  32830  29620  24831  20041  15967  11798  8599  5883  3947  2455  1521  893  466  268  142  65  41  28  10  1  1  1  0  0  0  0  0  0  0  0  0  0  0  0  0  0  0  0  0  
0  3  18  173  1156  5303  16330  37226  65633  90277  102708  101522  92043  77135  62583  49276  36785  26262  17894  11696  7402  4552  2631  1358  754  390  186  121  68  26  9  5  2  1  1  0  0  0  1  0  0  0  0  0  0  0  0  0  0  0  
0  2  47  413  2756  11772  37226  85654  149799  207297  236154  233383  210848  179335  146474  114714  86131  61912  42608  28337  17853  10908  6333  3567  2039  1139  535  304  124  61  41  13  9  4  2  1  2  2  0  2  2  1  0  0  0  0  0  0  0  0  
0  5  70  743  4715  21005  65633  149799  263560  362653  414898  412150  375980  321413  264525  209338  159042  116051  80895  54386  35190  21553  12822  7542  4123  2278  1245  587  330  159  80  35  15  3  5  1  1  2  1  0  1  0  1  1  0  0  0  0  0  0  
2  10  99  1051  6634  29107  90277  207297  362653  503762  578893  580069  532430  463692  386312  310782  240667  179094  128093  87245  57896  36560  22383  13417  7614  4264  2437  1293  654  339  178  68  37  19  9  3  2  2  0  1  0  0  0  0  0  0  0  0  0  1  
0  7  103  1211  7523  33088  102708  236154  414898  578893  671600  680505  635551  562933  479480  395109  314767  241443  177369  126018  85702  56152  35805  22085  13080  7508  4311  2450  1320  658  309  183  83  45  19  9  4  1  2  2  0  0  0  0  0  0  0  0  0  0  
0  13  155  1285  7541  32830  101522  233383  412150  580069  680505  698858  669804  608806  534342  458089  376830  299334  229468  167745  117767  80635  52576  33351  20635  12570  7363  4232  2438  1349  695  371  178  83  34  12  5  5  1  0  0  1  0  0  0  0  0  0  0  0  
0  16  101  1113  6756  29620  92043  210848  375980  532430  635551  669804  659038  619635  563286  500349  428931  354338  281854  214965  157384  111343  75691  50021  32343  20265  12272  7244  4364  2484  1356  697  339  169  72  34  9  8  1  0  1  1  0  0  0  0  0  0  0  0  
1  6  112  1036  5906  24831  77135  179335  321413  463692  562933  608806  619635  604824  575034  529463  472824  405133  335585  266296  202472  149023  105154  72347  47856  31412  19984  12506  7460  4466  2603  1409  747  371  196  94  37  17  12  4  0  0  2  0  0  0  0  0  0  0  
0  5  106  841  4906  20041  62583  146474  264525  386312  479480  534342  563286  575034  569900  547225  506407  453290  388865  320683  252483  191353  141450  100926  69467  46543  31035  19734  12385  7751  4622  2544  1511  723  407  177  77  48  19  8  5  1  0  1  0  0  0  0  0  1  
1  13  99  737  3820  15967  49276  114714  209338  310782  395109  458089  500349  529463  547225  548524  526645  488639  436220  372011  305722  240410  182694  133993  95807  67520  45979  30578  19860  12779  7837  4619  2660  1502  713  393  190  79  56  24  6  3  1  0  0  0  0  0  1  1  
1  9  64  583  2866  11798  36785  86131  159042  240667  314767  376830  428931  472824  506407  526645  528628  507829  468582  414121  350364  287084  226010  172747  128121  92527  65632  45289  30818  20143  12978  7788  4647  2731  1357  719  389  198  89  56  20  10  3  2  1  0  0  0  1  0  
2  3  67  459  2256  8599  26262  61912  116051  179094  241443  299334  354338  405133  453290  488639  507829  506674  484696  441723  388524  327997  266569  212052  162841  123143  89771  64435  45246  30756  20469  13103  7786  4678  2664  1359  719  375  182  91  34  21  3  3  1  0  0  0  2  0  
0  5  55  381  1625  5883  17894  42608  80895  128093  177369  229468  281854  335585  388865  436220  468582  484696  477044  451478  410000  359821  304086  249336  198454  154914  117834  87762  63712  45120  30945  20264  12983  7875  4525  2532  1383  706  316  180  90  39  16  5  5  1  0  0  0  1  
0  4  47  253  1053  3947  11696  28337  54386  87245  126018  167745  214965  266296  320683  372011  414121  441723  451478  440656  416041  377563  330822  280714  232248  188257  148303  114502  86234  62959  45168  30570  20363  12673  7841  4504  2459  1363  708  344  186  82  30  10  2  1  1  2  3  0  
0  3  31  174  705  2455  7402  17853  35190  57896  85702  117767  157384  202472  252483  305722  350364  388524  410000  416041  405050  379991  345367  305234  262076  220847  180409  144282  113515  86009  63654  44752  30425  19907  12432  7638  4359  2499  1363  663  313  155  65  36  9  2  1  4  1  0  
1  4  29  126  442  1521  4552  10908  21553  36560  56152  80635  111343  149023  191353  240410  287084  327997  359821  377563  379991  369892  348365  319085  284340  249099  212840  176921  143160  112227  86565  63976  44929  30653  19866  12359  7502  4197  2370  1255  635  357  141  50  28  9  3  3  3  0  
1  5  18  84  226  893  2631  6333  12822  22383  35805  52576  75691  105154  141450  182694  226010  266569  304086  330822  345367  348365  340514  324216  300326  273250  241622  208921  176074  144358  114790  88182  64705  45720  30779  19771  12240  7325  4178  2357  1186  641  295  121  58  19  14  1  2  0  
0  5  11  50  151  466  1358  3567  7542  13417  22085  33351  50021  72347  100926  133993  172747  212052  249336  280714  305234  319085  324216  319830  308323  291410  267780  241705  210983  180551  149159  117958  89994  65863  45789  30908  20145  12148  7271  4278  2319  1172  583  239  84  36  13  9  2  0  
0  3  9  40  82  268  754  2039  4123  7614  13080  20635  32343  47856  69467  95807  128121  162841  198454  232248  262076  284340  300326  308323  308382  303406  290434  272574  247231  219576  188362  155406  121951  92879  67232  46630  31650  19935  12457  7601  4199  2176  1043  449  174  50  23  11  2  1  
1  5  6  11  39  142  390  1139  2278  4264  7508  12570  20265  31412  46543  67520  92527  123143  154914  188257  220847  249099  273250  291410  303406  308632  308607  299858  282878  261018  231903  198839  163528  128883  96806  69633  48381  32371  20917  12986  7602  4122  1911  775  310  92  39  17  6  0  
0  1  11  16  32  65  186  535  1245  2437  4311  7363  12272  19984  31035  45979  65632  89771  117834  148303  180409  212840  241622  267780  290434  308607  320876  323404  317944  304515  280452  248591  212090  172449  134415  100626  72755  50035  33971  21678  13162  7447  3643  1542  503  166  62  17  1  0  
0  1  2  4  12  41  121  304  587  1293  2450  4232  7244  12506  19734  30578  45289  64435  87762  114502  144282  176921  208921  241705  272574  299858  323404  341286  347941  343596  329671  303570  269048  227103  182414  141457  105841  76292  53000  35581  22130  12897  6542  2624  914  266  98  35  8  0  
0  3  3  6  10  28  68  124  330  654  1320  2438  4364  7460  12385  19860  30818  45246  63712  86234  113515  143160  176074  210983  247231  282878  317944  347941  369222  378570  375397  359115  327752  287077  240656  192289  149645  110844  80412  56185  36753  21743  11091  4606  1571  486  129  39  4  0  
0  0  3  3  2  10  26  61  159  339  658  1349  2484  4466  7751  12779  20143  30756  45120  62959  86009  112227  144358  180551  219576  261018  304515  343596  378570  405176  415446  410629  387717  352538  304807  254619  203007  157596  118953  85732  57796  35271  18198  7701  2525  740  161  38  2  0  
2  3  2  3  3  1  9  41  80  178  309  695  1356  2603  4622  7837  12978  20469  30945  45168  63654  86565  114790  149159  188362  231903  280452  329671  375397  415446  443566  453762  443704  414807  372410  320911  266742  214251  168975  126336  87995  54376  28823  11995  4137  1136  265  61  5  0  
0  3  1  2  1  1  5  13  35  68  183  371  697  1409  2544  4619  7788  13103  20264  30570  44752  63976  88182  117958  155406  198839  248591  303570  359115  410629  453762  480518  485309  471809  437281  390368  336851  282370  229017  178718  128379  82238  43661  18770  6208  1650  391  69  9  0  
1  0  2  0  2  1  2  9  15  37  83  178  339  747  1511  2660  4647  7786  12983  20363  30425  44929  64705  89994  121951  163528  212090  269048  327752  387717  443704  485309  509156  511247  492598  455032  408340  355179  300060  242163  180210  118212  63610  27007  8970  2319  522  74  7  0  
1  1  1  0  0  0  1  4  3  19  45  83  169  371  723  1502  2731  4678  7875  12673  19907  30653  45720  65863  92879  128883  172449  227103  287077  352538  414807  471809  511247  530868  530053  509565  475966  430104  378876  316130  242777  161926  88113  38419  12382  3284  666  87  10  0  
0  0  0  0  0  0  1  2  5  9  19  34  72  196  407  713  1357  2664  4525  7841  12432  19866  30779  45789  67232  96806  134415  182414  240656  304807  372410  437281  492598  530053  547972  547812  530632  500976  458159  396715  312813  212592  118169  51242  16708  4250  825  112  9  1  
0  0  1  0  0  0  0  1  1  3  9  12  34  94  177  393  719  1359  2532  4504  7638  12359  19771  30908  46630  69633  100626  141457  192289  254619  320911  390368  455032  509565  547812  568530  574265  565822  535983  481250  388325  269113  151288  65805  21438  5310  1013  128  7  0  
1  0  0  0  0  0  0  2  1  2  4  5  9  37  77  190  389  719  1383  2459  4359  7502  12240  20145  31650  48381  72755  105841  149645  203007  266742  336851  408340  475966  530632  574265  605840  619616  609532  565636  467674  328238  185620  81241  26299  6319  1101  131  9  1  
0  0  0  0  0  0  0  2  2  2  1  5  8  17  48  79  198  375  706  1363  2499  4197  7325  12148  19935  32371  50035  76292  110844  157596  214251  282370  355179  430104  500976  565822  619616  659186  670533  638847  539562  382946  218625  95730  31603  7613  1274  129  10  1  
0  0  0  0  0  0  1  0  1  0  2  1  1  12  19  56  89  182  316  708  1363  2370  4178  7271  12457  20917  33971  53000  80412  118953  168975  229017  300060  378876  458159  535983  609532  670533  706034  686427  588320  423385  241945  107326  34826  8394  1364  143  16  0  
0  0  0  0  0  0  0  2  0  1  2  0  0  4  8  24  56  91  180  344  663  1255  2357  4278  7601  12986  21678  35581  56185  85732  126336  178718  242163  316130  396715  481250  565636  638847  686427  678376  588884  428276  246565  108356  35607  8584  1294  149  10  1  
0  0  0  0  0  0  0  2  1  0  0  0  1  0  5  6  20  34  90  186  313  635  1186  2319  4199  7602  13162  22130  36753  57796  87995  128379  180210  242777  312813  388325  467674  539562  588320  588884  516146  377597  218079  96132  31358  7439  1110  108  9  1  
0  0  0  0  0  0  0  1  0  0  0  1  1  0  1  3  10  21  39  82  155  357  641  1172  2176  4122  7447  12897  21743  35271  54376  82238  118212  161926  212592  269113  328238  382946  423385  428276  377597  277048  160035  70820  22968  5555  893  98  5  1  
1  0  0  0  0  0  0  0  1  0  0  0  0  2  0  1  3  3  16  30  65  141  295  583  1043  1911  3643  6542  11091  18198  28823  43661  63610  88113  118169  151288  185620  218625  241945  246565  218079  160035  92740  40785  13600  3093  510  46  0  0  
0  0  0  0  0  0  0  0  1  0  0  0  0  0  1  0  2  3  5  10  36  50  121  239  449  775  1542  2624  4606  7701  11995  18770  27007  38419  51242  65805  81241  95730  107326  108356  96132  70820  40785  18032  5981  1418  197  27  1  1  
0  0  0  0  0  0  0  0  0  0  0  0  0  0  0  0  1  1  5  2  9  28  58  84  174  310  503  914  1571  2525  4137  6208  8970  12382  16708  21438  26299  31603  34826  35607  31358  22968  13600  5981  2006  458  63  8  1  0  
0  0  0  0  0  0  0  0  0  0  0  0  0  0  0  0  0  0  1  1  2  9  19  36  50  92  166  266  486  740  1136  1650  2319  3284  4250  5310  6319  7613  8394  8584  7439  5555  3093  1418  458  114  18  2  0  0  
0  0  0  0  0  0  0  0  0  0  0  0  0  0  0  0  0  0  0  1  1  3  14  13  23  39  62  98  129  161  265  391  522  666  825  1013  1101  1274  1364  1294  1110  893  510  197  63  18  2  0  0  0  
0  0  0  0  0  0  0  0  0  0  0  0  0  0  0  0  0  0  0  2  4  3  1  9  11  17  17  35  39  38  61  69  74  87  112  128  131  129  143  149  108  98  46  27  8  2  0  0  0  0  
0  0  0  0  0  0  0  0  0  0  0  0  0  0  0  1  1  2  0  3  1  3  2  2  2  6  1  8  4  2  5  9  7  10  9  7  9  10  16  10  9  5  0  1  1  0  0  0  0  0  
0  0  0  0  0  0  0  0  0  1  0  0  0  0  1  1  0  0  1  0  0  0  0  0  1  0  0  0  0  0  0  0  0  0  1  0  1  1  0  1  1  1  0  1  0  0  0  0  0  0  
