0  0  0  0  0  0  0  0  0  0  0  1  0  0  2  1  0  1  1  0  2  0  0  1  0  0  0  0  0  0  0  0  1  1  0  1  0  0  1  2  1  0  0  0  0  0  0  0  0  0  
0  0  0  0  0  1  0  3  5  4  13  5  8  7  10  6  5  8  5  7  2  4  3  2  3  3  3  1  2  3  2  2  0  5  2  4  3  1  1  3  1  0  0  1  0  0  0  0  0  0  
0  0  0  0  0  6  11  22  38  61  63  58  53  71  64  59  67  55  61  51  41  39  46  31  27  27  23  25  24  19  21  19  25  26  18  21  23  25  21  14  12  6  7  0  2  0  0  0  0  0  
0  0  0  0  4  30  79  176  305  389  526  576  597  546  576  565  494  467  457  415  379  328  284  280  251  248  213  218  213  231  183  210  199  193  190  179  178  158  156  151  93  68  39  15  6  2  1  0  0  0  
0  0  0  4  32  116  418  903  1640  2389  2899  3205  3238  3273  3193  3076  2898  2801  2620  2378  2102  1942  1821  1704  1489  1394  1313  1213  1223  1216  1143  1147  1073  1065  1042  1011  962  859  787  748  589  423  250  91  27  15  0  0  0  0  
0  1  6  30  116  528  1730  4016  7061  10093  12574  13509  13825  13899  13483  13255  12948  11870  11193  10219  9231  8374  7479  6742  6286  5876  5415  5117  4883  4951  4821  4855  4675  4515  4207  4216  3866  3623  3381  3111  2469  1797  958  430  145  35  11  3  0  0  
0  0  11  79  418  1730  5384  12600  22334  32088  38822  41900  42732  42981  42222  41059  38775  37217  34742  31336  28679  25706  22966  20985  18928  17860  16872  16117  15335  15202  15178  14927  14347  14060  13416  12759  12010  11461  10516  9496  7839  5412  3090  1350  453  113  22  1  0  0  
0  3  22  176  903  4016  12600  28862  51770  74092  89650  96437  99786  98851  97621  94973  90824  86070  79584  73071  65615  59367  53280  47930  43807  41413  38639  37398  36094  35693  34906  34149  33408  32677  31214  29715  28045  26753  24963  21952  17840  12363  6941  3002  1041  232  46  9  0  0  
0  5  38  305  1640  7061  22334  51770  92556  132868  160504  174028  177261  176890  173377  169083  162075  153544  142693  131087  118391  106246  96065  86821  78809  73956  69196  66414  65248  63749  62938  60994  60068  57952  55545  52782  50217  47839  45051  39836  32509  22384  12876  5469  1824  446  79  8  1  1  
0  4  61  389  2389  10093  32088  74092  132868  189606  229648  248887  255597  253928  250639  243806  232633  220544  205097  187637  169587  152803  138243  124665  113580  105400  99655  95667  92835  91755  90377  88439  86468  84333  80341  76579  73259  69554  64785  57910  46601  32790  18296  7957  2659  663  121  11  5  0  
0  13  63  526  2899  12574  38822  89650  160504  229648  277756  301314  308527  307964  301959  295145  282403  266939  248981  227923  207541  186446  167853  151978  138808  129194  121195  117774  114864  112492  111396  109280  105809  102939  99290  94409  90266  85880  80365  71831  58112  40747  22842  9919  3243  831  147  23  0  0  
1  5  58  576  3205  13509  41900  96437  174028  248887  301314  326604  334549  334203  328007  319492  305960  289402  270754  247810  225167  202906  182728  165097  150526  140929  133492  128681  125867  123977  122834  120787  118174  114572  109731  105290  100723  95879  89625  80712  65479  45396  25836  11122  3688  913  170  20  2  0  
0  8  53  597  3238  13825  42732  99786  177261  255597  308527  334549  343942  342495  335601  327848  315836  297993  278225  254699  232189  208930  188449  170361  156855  145933  138609  133841  130731  130058  128125  126943  124296  121634  116079  111797  107503  101561  95804  86713  70242  49001  27322  11867  3956  952  164  26  0  0  
0  7  71  546  3273  13899  42981  98851  176890  253928  307964  334203  342495  340704  335641  327655  314124  297832  277165  255241  231942  210220  189148  172287  157782  148001  140702  136253  133884  132245  131752  130750  129008  125417  121946  116483  111415  106297  100813  90041  73807  51573  28813  12756  4126  1020  185  29  2  0  
2  10  64  576  3193  13483  42222  97621  173377  250639  301959  328007  335601  335641  330598  322589  310723  294214  274758  252717  230347  207759  188186  170853  157804  147995  141632  137351  135328  133923  134849  133390  132475  130033  125495  121016  116933  111945  105744  95057  77838  54256  30363  13374  4331  1059  197  31  7  0  
1  6  59  565  3076  13255  41059  94973  169083  243806  295145  319492  327848  327655  322589  313654  303453  288136  269699  249009  225810  205244  185591  169846  156594  147729  141896  138369  136374  136528  135988  136381  135683  132929  129865  125641  121473  116181  110528  99077  81214  57035  32009  13975  4595  1093  200  27  0  1  
0  5  67  494  2898  12948  38775  90824  162075  232633  282403  305960  315836  314124  310723  303453  293484  279283  261087  240480  219290  199527  181065  165798  153648  145351  139579  137191  135528  136592  136842  138216  137792  135934  132976  129149  125189  120963  114619  103839  83707  58947  33149  14535  4767  1247  195  34  1  0  
1  8  55  467  2801  11870  37217  86070  153544  220544  266939  289402  297993  297832  294214  288136  279283  265538  249522  230477  210797  190740  174878  159640  149267  141668  137413  134262  134666  135444  136989  138475  138887  136947  135120  131969  128103  124321  118085  106838  87299  61135  34145  15143  4992  1222  231  29  2  0  
1  5  61  457  2620  11193  34742  79584  142693  205097  248981  270754  278225  277165  274758  269699  261087  249522  232942  215886  198447  181252  165248  153381  143322  136707  132762  131579  131487  133408  135652  137880  139114  138421  136328  133219  131064  126707  120518  109507  89768  62512  35647  15527  5067  1243  221  30  3  1  
0  7  51  415  2378  10219  31336  73071  131087  187637  227923  247810  254699  255241  252717  249009  240480  230477  215886  201622  184244  168972  155351  144740  135641  129526  126815  126448  128254  130003  133132  136662  137173  138068  136535  134123  132249  127681  122974  111531  91611  64391  36167  15590  5137  1251  235  31  5  0  
2  2  41  379  2102  9231  28679  65615  118391  169587  207541  225167  232189  231942  230347  225810  219290  210797  198447  184244  170186  157903  145482  135341  128457  123635  121832  121339  123902  126864  130525  133977  135896  136563  135927  134830  132214  129470  124089  113165  92545  65220  37162  16081  5210  1340  234  28  3  0  
0  4  39  328  1942  8374  25706  59367  106246  152803  186446  202906  208930  210220  207759  205244  199527  190740  181252  168972  157903  145868  135293  126373  119392  117001  115664  117112  119264  124167  127907  132163  134888  136057  136527  136452  133790  131266  126125  114863  94507  66816  38059  16602  5483  1295  223  32  1  0  
0  3  46  284  1821  7479  22966  53280  96065  138243  167853  182728  188449  189148  188186  185591  181065  174878  165248  155351  145482  135293  124938  118165  113110  111828  111171  113560  117286  122095  127194  130988  134926  137169  138252  137250  136148  133857  129173  118046  96612  67640  38640  16814  5673  1388  234  33  1  0  
1  2  31  280  1704  6742  20985  47930  86821  124665  151978  165097  170361  172287  170853  169846  165798  159640  153381  144740  135341  126373  118165  112562  108362  107224  108301  111690  115959  121246  127940  132193  136254  139741  141653  141293  140903  138880  133697  123164  100878  71206  40025  17563  5823  1387  230  27  3  1  
0  3  27  251  1489  6286  18928  43807  78809  113580  138808  150526  156855  157782  157804  156594  153648  149267  143322  135641  128457  119392  113110  108362  105768  105500  107481  111347  115967  123638  129788  136415  141199  145241  147261  147489  147628  145909  141175  129125  106937  75200  42456  18521  6099  1495  266  28  2  0  
0  3  27  248  1394  5876  17860  41413  73956  105400  129194  140929  145933  148001  147995  147729  145351  141668  136707  129526  123635  117001  111828  107224  105500  106054  108673  113610  119631  127201  135097  143736  149045  154106  156191  157630  158351  156210  150795  140145  114811  80952  45850  19887  6728  1661  260  34  4  0  
0  3  23  213  1313  5415  16872  38639  69196  99655  121195  133492  138609  140702  141632  141896  139579  137413  132762  126815  121832  115664  111171  108301  107481  108673  112936  118204  126270  135268  143456  152726  159875  165541  168869  171320  171861  170886  165980  151634  125741  88736  49991  21985  7090  1744  332  53  3  1  
0  1  25  218  1213  5117  16117  37398  66414  95667  117774  128681  133841  136253  137351  138369  137191  134262  131579  126448  121339  117112  113560  111690  111347  113610  118204  126074  134339  145261  155652  165899  174135  181515  185282  187556  189070  187676  182829  168487  138936  97945  55505  24079  7749  1946  316  37  7  0  
0  2  24  213  1223  4883  15335  36094  65248  92835  114864  125867  130731  133884  135328  136374  135528  134666  131487  128254  123902  119264  117286  115959  115967  119631  126270  134339  144160  156944  169542  181053  191159  199261  204010  206495  210179  208414  202850  186609  153664  108581  61714  26797  8923  2137  383  34  7  1  
0  3  19  231  1216  4951  15202  35693  63749  91755  112492  123977  130058  132245  133923  136528  136592  135444  133408  130003  126864  124167  122095  121246  123638  127201  135268  145261  156944  170240  184469  198760  209846  218539  225633  229225  232432  231571  225622  207084  171741  120960  68764  30244  9923  2426  421  57  7  1  
0  2  21  183  1143  4821  15178  34906  62938  90377  111396  122834  128125  131752  134849  135988  136842  136989  135652  133132  130525  127907  127194  127940  129788  135097  143456  155652  169542  184469  200794  216214  230472  241129  248720  251962  255231  256210  249428  229698  190249  134341  76013  33731  10727  2784  493  58  4  1  
0  2  19  210  1147  4855  14927  34149  60994  88439  109280  120787  126943  130750  133390  136381  138216  138475  137880  136662  133977  132163  130988  132193  136415  143736  152726  165899  181053  198760  216214  233806  249287  260696  270161  276512  278949  279463  272389  250673  208346  146647  83193  36598  12137  3005  515  59  5  0  
1  0  25  199  1073  4675  14347  33408  60068  86468  105809  118174  124296  129008  132475  135683  137792  138887  139114  137173  135896  134888  134926  136254  141199  149045  159875  174135  191159  209846  230472  249287  264068  279679  288661  295735  299626  300718  292677  271109  225095  158828  89570  39155  12929  3081  547  76  4  0  
1  5  26  193  1065  4515  14060  32677  57952  84333  102939  114572  121634  125417  130033  132929  135934  136947  138421  138068  136563  136057  137169  139741  145241  154106  165541  181515  199261  218539  241129  260696  279679  295638  305533  311806  317210  316412  310301  287615  238025  167627  94969  41429  13458  3369  592  88  3  0  
0  2  18  190  1042  4207  13416  31214  55545  80341  99290  109731  116079  121946  125495  129865  132976  135120  136328  136535  135927  136527  138252  141653  147261  156191  168869  185282  204010  225633  248720  270161  288661  305533  316016  324386  330325  328648  322068  299001  247401  174554  98730  43131  14068  3330  605  68  7  2  
1  4  21  179  1011  4216  12759  29715  52782  76579  94409  105290  111797  116483  121016  125641  129149  131969  133219  134123  134830  136452  137250  141293  147489  157630  171320  187556  206495  229225  251962  276512  295735  311806  324386  333418  336956  339522  330976  307549  254779  179227  101518  44611  14589  3564  615  91  7  0  
0  3  23  178  962  3866  12010  28045  50217  73259  90266  100723  107503  111415  116933  121473  125189  128103  131064  132249  132214  133790  136148  140903  147628  158351  171861  189070  210179  232432  255231  278949  299626  317210  330325  336956  341402  345966  337086  312943  259720  182500  102610  45240  14761  3606  582  69  7  1  
0  1  25  158  859  3623  11461  26753  47839  69554  85880  95879  101561  106297  111945  116181  120963  124321  126707  127681  129470  131266  133857  138880  145909  156210  170886  187676  208414  231571  256210  279463  300718  316412  328648  339522  345966  346598  340026  313024  260222  183618  103582  45504  14757  3594  639  69  11  0  
1  1  21  156  787  3381  10516  24963  45051  64785  80365  89625  95804  100813  105744  110528  114619  118085  120518  122974  124089  126125  129173  133697  141175  150795  165980  182829  202850  225622  249428  272389  292677  310301  322068  330976  337086  340026  333702  306116  254603  179623  102358  44324  14544  3572  630  78  10  0  
2  3  14  151  748  3111  9496  21952  39836  57910  71831  80712  86713  90041  95057  99077  103839  106838  109507  111531  113165  114863  118046  123164  129125  140145  151634  168487  186609  207084  229698  250673  271109  287615  299001  307549  312943  313024  306116  283544  235259  166557  94173  41752  13632  3339  592  68  11  1  
1  1  12  93  589  2469  7839  17840  32509  46601  58112  65479  70242  73807  77838  81214  83707  87299  89768  91611  92545  94507  96612  100878  106937  114811  125741  138936  153664  171741  190249  208346  225095  238025  247401  254779  259720  260222  254603  235259  196630  138556  78353  34357  11117  2691  472  71  5  0  
0  0  6  68  423  1797  5412  12363  22384  32790  40747  45396  49001  51573  54256  57035  58947  61135  62512  64391  65220  66816  67640  71206  75200  80952  88736  97945  108581  120960  134341  146647  158828  167627  174554  179227  182500  183618  179623  166557  138556  97212  55132  24316  7897  1945  341  44  3  0  
0  0  7  39  250  958  3090  6941  12876  18296  22842  25836  27322  28813  30363  32009  33149  34145  35647  36167  37162  38059  38640  40025  42456  45850  49991  55505  61714  68764  76013  83193  89570  94969  98730  101518  102610  103582  102358  94173  78353  55132  31854  13913  4635  1150  185  20  1  0  
0  1  0  15  91  430  1350  3002  5469  7957  9919  11122  11867  12756  13374  13975  14535  15143  15527  15590  16081  16602  16814  17563  18521  19887  21985  24079  26797  30244  33731  36598  39155  41429  43131  44611  45240  45504  44324  41752  34357  24316  13913  6176  1965  458  83  9  2  0  
0  0  2  6  27  145  453  1041  1824  2659  3243  3688  3956  4126  4331  4595  4767  4992  5067  5137  5210  5483  5673  5823  6099  6728  7090  7749  8923  9923  10727  12137  12929  13458  14068  14589  14761  14757  14544  13632  11117  7897  4635  1965  658  141  27  4  0  0  
0  0  0  2  15  35  113  232  446  663  831  913  952  1020  1059  1093  1247  1222  1243  1251  1340  1295  1388  1387  1495  1661  1744  1946  2137  2426  2784  3005  3081  3369  3330  3564  3606  3594  3572  3339  2691  1945  1150  458  141  30  8  1  0  0  
0  0  0  1  0  11  22  46  79  121  147  170  164  185  197  200  195  231  221  235  234  223  234  230  266  260  332  316  383  421  493  515  547  592  605  615  582  639  630  592  472  341  185  83  27  8  2  0  0  0  
0  0  0  0  0  3  1  9  8  11  23  20  26  29  31  27  34  29  30  31  28  32  33  27  28  34  53  37  34  57  58  59  76  88  68  91  69  69  78  68  71  44  20  9  4  1  0  0  0  0  
0  0  0  0  0  0  0  0  1  5  0  2  0  2  7  0  1  2  3  5  3  1  1  3  2  4  3  7  7  7  4  5  4  3  7  7  7  11  10  11  5  3  1  2  0  0  0  0  0  0  
0  0  0  0  0  0  0  0  1  0  0  0  0  0  0  1  0  0  1  0  0  0  0  1  0  0  1  0  1  1  1  0  0  0  2  0  1  0  0  1  0  0  0  0  0  0  0  0  0  0  
