0  0  0  0  0  0  1  0  0  0  1  0  1  0  0  1  3  0  0  0  0  0  1  0  1  2  0  0  0  1  0  0  0  0  0  0  0  1  2  0  1  0  0  0  0  0  0  0  0  0  
0  0  0  0  0  0  1  1  5  8  11  11  8  10  11  6  12  7  5  7  5  4  3  1  1  3  2  2  2  1  1  2  3  2  0  1  1  0  0  0  1  0  0  0  0  0  0  0  0  0  
0  0  0  0  1  8  13  46  54  87  91  111  104  107  87  88  88  54  67  52  45  39  32  19  18  13  14  8  8  5  4  7  3  3  3  2  1  0  0  0  0  0  0  0  0  0  0  0  0  0  
0  0  0  0  13  47  125  320  557  788  921  1001  966  936  857  772  654  598  512  395  336  283  206  130  136  91  64  42  29  16  21  18  8  8  5  7  1  1  3  1  0  0  0  0  0  0  0  0  0  0  
0  0  1  13  62  269  874  1905  3340  4650  5532  5935  5828  5308  4927  4369  3867  3315  2735  2094  1723  1324  1006  698  559  424  292  217  148  106  70  54  31  14  15  14  3  2  5  2  0  0  1  0  0  0  0  0  0  0  
0  0  8  47  269  1138  3601  8209  14606  20752  23953  24984  24550  22908  21260  18506  16273  13572  11260  9053  7045  5415  3939  2941  2198  1559  1151  813  553  399  294  220  139  79  47  34  17  11  14  4  4  3  0  0  0  0  0  0  0  0  
1  1  13  125  874  3601  11402  25568  45389  63891  75248  78885  76129  71647  64847  57555  49837  42320  34436  27800  21696  16445  12369  9035  6473  4650  3426  2378  1670  1261  921  562  408  274  156  94  70  41  14  12  1  3  1  1  0  0  0  0  0  0  
0  1  46  320  1905  8209  25568  59262  104054  147191  172934  180879  176436  165022  149960  133146  115863  98288  81046  64627  50370  38699  28621  21068  15641  11336  8128  6043  4092  2952  2038  1448  956  628  415  263  148  77  64  24  18  12  3  1  1  1  0  0  0  0  
0  5  54  557  3340  14606  45389  104054  184856  260615  308233  323131  313151  293826  268024  238662  208214  176870  145826  117651  92121  70208  52877  39395  28519  21052  15147  10906  7979  5579  3980  2869  1844  1263  790  507  298  198  112  54  38  16  12  3  5  0  0  0  0  0  
0  8  87  788  4650  20752  63891  147191  260615  367932  436937  456239  446710  418745  383134  343740  301223  256294  213686  172997  135957  105405  79780  59337  44091  32470  23914  17408  12511  9062  6461  4558  3124  2179  1381  840  516  308  193  126  71  20  9  3  1  1  0  0  1  0  
1  11  91  921  5532  23953  75248  172934  308233  436937  519622  543916  535236  503011  463122  418210  368569  316649  265945  216825  173632  135281  103936  79278  59021  44354  32997  24460  17902  13282  9486  6818  4699  3170  2202  1367  886  580  328  208  113  71  23  20  4  3  0  0  1  0  
0  11  111  1001  5935  24984  78885  180879  323131  456239  543916  573864  565470  537481  499812  456198  406749  352070  301391  249085  202021  159720  124224  96318  73246  55879  42063  31845  23859  17735  13025  9582  6805  4701  3199  2049  1446  843  549  353  180  102  47  19  4  2  0  1  0  0  
1  8  104  966  5828  24550  76129  176436  313151  446710  535236  565470  563004  539668  508648  469687  425201  375361  324173  273881  224400  182015  143861  113274  88517  68382  52441  40374  30961  23620  18087  13134  9502  6789  4720  3087  2071  1319  858  502  298  183  89  38  13  4  1  1  0  1  
0  10  107  936  5308  22908  71647  165022  293826  418745  503011  537481  539668  524918  500573  471259  431678  389276  341966  293179  245419  201505  164006  131409  103959  82466  64563  50993  40256  31311  24188  18091  13016  9681  6733  4645  3072  2129  1277  856  556  285  146  55  22  11  2  1  1  0  
0  11  87  857  4927  21260  64847  149960  268024  383134  463122  499812  508648  500573  484618  463847  433276  398582  356450  310984  265917  223495  184344  150576  121365  97922  79191  63355  51376  40247  31824  24211  17920  13397  9581  6753  4714  3174  2088  1327  850  499  266  106  41  11  2  1  0  0  
1  6  88  772  4369  18506  57555  133146  238662  343740  418210  456198  469687  471259  463847  451468  430270  402183  366998  326390  284187  243074  205639  170231  140593  116459  95284  77609  63918  51146  41054  32104  24695  18343  13472  9554  6794  4638  3257  2216  1331  837  398  159  62  21  10  3  3  1  
3  12  88  654  3867  16273  49837  115863  208214  301223  368569  406749  425201  431678  433276  430270  418106  398978  370378  335393  297590  259522  222090  188718  158774  134253  111576  93335  77487  64055  51977  41559  32383  25183  18290  13284  9608  6770  4704  3180  2061  1162  673  246  85  27  6  0  2  0  
0  7  54  598  3315  13572  42320  98288  176870  256294  316649  352070  375361  389276  398582  402183  398978  385570  365851  338091  306358  270968  236548  204919  175739  150340  128258  108872  92336  77803  64870  52397  41852  32512  24539  18023  13097  9530  6752  4603  2982  1834  980  393  133  41  12  7  1  0  
0  5  67  512  2735  11260  34436  81046  145826  213686  265945  301391  324173  341966  356450  366998  370378  365851  352698  332155  304500  276591  244676  216459  188871  164677  143927  124662  107993  92231  78055  64698  52573  41342  31912  24114  17842  13050  9499  6811  4487  2669  1391  631  192  59  11  2  2  0  
0  7  52  395  2094  9053  27800  64627  117651  172997  216825  249085  273881  293179  310984  326390  335393  338091  332155  316698  297560  274149  248504  222615  198475  176983  156458  139619  122211  106736  91952  78003  64283  52394  40736  31195  23744  17494  13027  9390  6341  4026  2002  941  292  102  20  6  1  1  
0  5  45  336  1723  7045  21696  50370  92121  135957  173632  202021  224400  245419  265917  284187  297590  306358  304500  297560  284330  266330  245706  224080  204858  185545  168361  152688  136211  121836  107934  92315  78529  63445  51061  40115  31231  23392  17749  13053  9175  5591  2995  1234  416  124  32  4  4  0  
0  4  39  283  1324  5415  16445  38699  70208  105405  135281  159720  182015  201505  223495  243074  259522  270968  276591  274149  266330  253586  238218  222166  206428  191873  177818  163380  150557  136797  122926  107853  93580  78151  63673  51129  39845  30906  23676  17944  12438  7876  4087  1727  582  152  45  10  2  1  
1  3  32  206  1006  3939  12369  28621  52877  79780  103936  124224  143861  164006  184344  205639  222090  236548  244676  248504  245706  238218  228564  218199  206711  196314  185749  175136  163530  152455  139326  125167  109725  93520  77667  63755  51358  40187  31308  24321  17447  11103  5889  2506  837  221  54  12  3  0  
0  1  19  130  698  2941  9035  21068  39395  59337  79278  96318  113274  131409  150576  170231  188718  204919  216459  222615  224080  222166  218199  211428  205156  199560  192091  186218  176898  168811  156406  143599  128747  112074  94978  79255  65252  52239  41999  32746  23735  15477  8450  3655  1176  320  76  11  3  0  
1  1  18  136  559  2198  6473  15641  28519  44091  59021  73246  88517  103959  121365  140593  158774  175739  188871  198475  204858  206428  206711  205156  203418  200668  198993  196359  190927  185746  176037  164431  149963  133563  116181  98213  81794  67951  55242  43903  32283  20982  11488  5004  1642  436  88  17  4  0  
2  3  13  91  424  1559  4650  11336  21052  32470  44354  55879  68382  82466  97922  116459  134253  150340  164677  176983  185545  191873  196314  199560  200668  204756  205737  206282  206390  204051  198294  189019  175869  158728  140710  121944  103623  87311  73103  59004  44211  29123  15786  6837  2267  590  110  35  5  0  
0  2  14  64  292  1151  3426  8128  15147  23914  32997  42063  52441  64563  79191  95284  111576  128258  143927  156458  168361  177818  185749  192091  198993  205737  212138  218283  221538  222928  223012  216114  204357  189548  170683  149578  131090  112695  95945  78968  59718  39473  21962  9276  3129  773  162  31  2  0  
0  2  8  42  217  813  2378  6043  10906  17408  24460  31845  40374  50993  63355  77609  93335  108872  124662  139619  152688  163380  175136  186218  196359  206282  218283  228074  237961  243918  248360  245484  237040  222629  205355  184132  163942  143033  125389  103512  79891  53111  29636  12945  4075  1059  211  29  2  1  
0  2  8  29  148  553  1670  4092  7979  12511  17902  23859  30961  40256  51376  63918  77487  92336  107993  122211  136211  150557  163530  176898  190927  206390  221538  237961  251648  264520  272585  274761  270034  259606  243265  223482  202120  181149  159276  135701  105815  71132  39667  16939  5664  1408  253  41  6  0  
1  1  5  16  106  399  1261  2952  5579  9062  13282  17735  23620  31311  40247  51146  64055  77803  92231  106736  121836  136797  152455  168811  185746  204051  222928  243918  264520  283504  296976  305014  304464  298514  284203  265873  246349  225070  201542  173473  137015  93723  51841  22450  7232  1876  341  66  3  1  
0  1  4  21  70  294  921  2038  3980  6461  9486  13025  18087  24188  31824  41054  51977  64870  78055  91952  107934  122926  139326  156406  176037  198294  223012  248360  272585  296976  317240  332632  338109  336618  326144  311383  292858  273286  249525  218182  173721  119346  66295  29092  9528  2332  441  61  3  0  
0  2  7  18  54  220  562  1448  2869  4558  6818  9582  13134  18091  24211  32104  41559  52397  64698  78003  92315  107853  125167  143599  164431  189019  216114  245484  274761  305014  332632  352570  366360  372715  368404  357072  342901  324689  302487  267331  214621  149043  83452  36179  11998  2941  515  68  3  0  
0  3  3  8  31  139  408  956  1844  3124  4699  6805  9502  13016  17920  24695  32383  41852  52573  64283  78529  93580  109725  128747  149963  175869  204357  237040  270034  304464  338109  366360  386612  400734  402167  399642  390911  376917  355130  319398  259357  180249  101954  44040  14727  3629  630  94  12  0  
0  2  3  8  14  79  274  628  1263  2179  3170  4701  6789  9681  13397  18343  25183  32512  41342  52394  63445  78151  93520  112074  133563  158728  189548  222629  259606  298514  336618  372715  400734  419794  430949  436044  432811  426554  408794  371407  304393  213210  120223  52561  17304  4329  745  109  6  0  
0  0  3  5  15  47  156  415  790  1381  2202  3199  4720  6733  9581  13472  18290  24539  31912  40736  51061  63673  77667  94978  116181  140710  170683  205355  243265  284203  326144  368404  402167  430949  450524  464578  470907  470480  457521  420429  347220  244655  138220  60672  19670  4855  874  118  11  0  
0  1  2  7  14  34  94  263  507  840  1367  2049  3087  4645  6753  9554  13284  18023  24114  31195  40115  51129  63755  79255  98213  121944  149578  184132  223482  265873  311383  357072  399642  436044  464578  485104  501592  507888  501862  465832  387313  274078  155502  67971  22126  5364  958  109  6  0  
0  1  1  1  3  17  70  148  298  516  886  1446  2071  3072  4714  6794  9608  13097  17842  23744  31231  39845  51358  65252  81794  103623  131090  163942  202120  246349  292858  342901  390911  432811  470907  501592  526118  542155  540128  507929  423626  300613  170765  75042  24484  5962  1004  107  8  0  
1  0  0  1  2  11  41  77  198  308  580  843  1319  2129  3174  4638  6770  9530  13050  17494  23392  30906  40187  52239  67951  87311  112695  143033  181149  225070  273286  324689  376917  426554  470480  507888  542155  563034  570158  537529  452933  322227  183427  81064  26353  6401  1095  117  13  1  
2  0  0  3  5  14  14  64  112  193  328  549  858  1277  2088  3257  4704  6752  9499  13027  17749  23676  31308  41999  55242  73103  95945  125389  159276  201542  249525  302487  355130  408794  457521  501862  540128  570158  577328  549985  465300  332498  188855  82943  27277  6577  1108  130  12  1  
0  0  0  1  2  4  12  24  54  126  208  353  502  856  1327  2216  3180  4603  6811  9390  13053  17944  24321  32746  43903  59004  78968  103512  135701  173473  218182  267331  319398  371407  420429  465832  507929  537529  549985  526270  445036  319878  182293  79902  26181  6270  1071  126  9  0  
1  1  0  0  0  4  1  18  38  71  113  180  298  556  850  1331  2061  2982  4487  6341  9175  12438  17447  23735  32283  44211  59718  79891  105815  137015  173721  214621  259357  304393  347220  387313  423626  452933  465300  445036  380910  271776  155319  68069  22143  5512  944  97  5  2  
0  0  0  0  0  3  3  12  16  20  71  102  183  285  499  837  1162  1834  2669  4026  5591  7876  11103  15477  20982  29123  39473  53111  71132  93723  119346  149043  180249  213210  244655  274078  300613  322227  332498  319878  271776  194930  110843  49072  16196  3805  650  71  8  1  
0  0  0  0  1  0  1  3  12  9  23  47  89  146  266  398  673  980  1391  2002  2995  4087  5889  8450  11488  15786  21962  29636  39667  51841  66295  83452  101954  120223  138220  155502  170765  183427  188855  182293  155319  110843  63594  28514  9136  2233  370  35  4  0  
0  0  0  0  0  0  1  1  3  3  20  19  38  55  106  159  246  393  631  941  1234  1727  2506  3655  5004  6837  9276  12945  16939  22450  29092  36179  44040  52561  60672  67971  75042  81064  82943  79902  68069  49072  28514  11952  4071  948  150  18  0  1  
0  0  0  0  0  0  0  1  5  1  4  4  13  22  41  62  85  133  192  292  416  582  837  1176  1642  2267  3129  4075  5664  7232  9528  11998  14727  17304  19670  22126  24484  26353  27277  26181  22143  16196  9136  4071  1342  340  46  9  0  0  
0  0  0  0  0  0  0  1  0  1  3  2  4  11  11  21  27  41  59  102  124  152  221  320  436  590  773  1059  1408  1876  2332  2941  3629  4329  4855  5364  5962  6401  6577  6270  5512  3805  2233  948  340  72  11  1  0  0  
0  0  0  0  0  0  0  0  0  0  0  0  1  2  2  10  6  12  11  20  32  45  54  76  88  110  162  211  253  341  441  515  630  745  874  958  1004  1095  1108  1071  944  650  370  150  46  11  4  0  0  0  
0  0  0  0  0  0  0  0  0  0  0  1  1  1  1  3  0  7  2  6  4  10  12  11  17  35  31  29  41  66  61  68  94  109  118  109  107  117  130  126  97  71  35  18  9  1  0  0  0  0  
0  0  0  0  0  0  0  0  0  1  1  0  0  1  0  3  2  1  2  1  4  2  3  3  4  5  2  2  6  3  3  3  12  6  11  6  8  13  12  9  5  8  4  0  0  0  0  0  0  0  
0  0  0  0  0  0  0  0  0  0  0  0  1  0  0  1  0  0  0  1  0  1  0  0  0  0  0  1  0  1  0  0  0  0  0  0  0  1  1  0  2  1  0  1  0  0  0  0  0  0  
