0  0  0  0  0  0  1  0  0  1  1  0  3  1  1  2  0  0  0  0  0  0  1  0  0  0  1  2  0  0  1  0  0  0  0  0  1  0  0  0  0  0  0  0  0  0  0  0  0  0  
0  0  0  0  0  1  0  3  2  5  2  9  4  7  7  7  7  3  4  5  2  4  3  3  4  2  2  1  4  4  1  3  2  4  3  3  7  7  3  5  2  1  2  0  0  0  0  0  0  0  
0  0  0  0  0  0  6  18  27  34  53  44  52  41  52  53  34  54  43  39  36  34  33  27  30  23  26  30  34  29  33  34  26  45  40  54  32  32  38  33  30  20  9  4  0  0  0  0  0  0  
0  0  0  0  1  21  42  111  243  312  383  418  427  438  487  460  405  411  350  398  337  305  270  241  259  224  265  240  238  254  272  264  260  303  309  281  310  289  280  260  212  157  74  38  13  4  2  0  0  0  
0  0  0  1  26  119  275  731  1276  1909  2228  2386  2453  2481  2446  2451  2315  2230  2151  2079  1839  1755  1609  1450  1436  1378  1398  1387  1460  1487  1545  1626  1639  1751  1673  1690  1668  1647  1570  1423  1154  849  445  210  62  17  5  1  0  0  
0  1  0  21  119  472  1338  3064  5434  7897  9347  10306  10640  10719  10589  10498  10071  9776  9016  8579  7919  7407  6855  6221  6088  5860  5732  5916  6288  6256  6454  6720  6841  6987  7039  7033  7123  6829  6641  6040  5043  3414  1997  859  293  72  13  0  0  0  
1  0  6  42  275  1338  4128  9431  16850  24131  29416  31943  33015  33205  32649  32136  31212  30042  28314  26500  24750  23023  21145  19579  18477  18185  18190  18634  18982  19419  20166  21067  21728  21725  22059  21398  21601  21163  20769  18644  15372  10881  6146  2651  898  205  31  6  0  0  
0  3  18  111  731  3064  9431  21572  39015  56128  67990  73978  75744  76157  75153  74571  72643  69344  66028  61317  56757  53043  49088  45209  43671  42530  42117  42575  43754  45074  46617  48449  50086  50820  50507  50405  50982  49195  47368  43357  35464  25032  13976  6185  1988  448  98  7  1  0  
0  2  27  243  1276  5434  16850  39015  69862  99680  121555  132637  136297  136572  135918  133002  128998  124264  117189  109845  101045  93836  87196  81399  78001  75357  75258  76365  78475  80877  83941  87475  90102  91535  90786  91113  90239  87992  85141  77805  63831  45059  25442  11136  3663  940  131  15  3  1  
1  5  34  312  1909  7897  24131  56128  99680  144186  174271  188978  195228  195529  194393  190923  186117  178196  168656  158862  145766  135867  125521  117386  111621  108916  108684  109594  112676  116409  121788  126313  128424  130550  131287  130661  129417  127605  123081  112031  92187  64559  36747  15969  5281  1293  232  30  5  0  
1  2  53  383  2228  9347  29416  67990  121555  174271  211956  230678  237676  238998  236537  233209  225762  217582  205157  191454  178067  164129  152369  143163  136168  132568  131919  133786  136995  142697  148554  153491  157441  159586  159537  159435  158056  155328  149725  136849  112817  78876  45270  19755  6367  1542  297  29  4  1  
0  9  44  418  2386  10306  31943  73978  132637  188978  230678  249780  259017  258895  257920  253856  245945  235879  223475  208603  193512  178075  166267  156594  148039  144939  143924  146136  150049  155453  162312  168350  172532  175427  176164  175178  173266  170576  164663  149735  123954  87034  49421  21394  7145  1746  339  34  3  1  
3  4  52  427  2453  10640  33015  75744  136297  195228  237676  259017  266530  267558  265082  261133  253402  244026  231189  215600  199599  184862  171255  161483  153408  149620  149673  151483  155796  162425  167715  175134  178865  182348  183083  181879  180623  177676  171367  157061  129244  90242  51159  22127  7412  1781  306  43  1  0  
1  7  41  438  2481  10719  33205  76157  136572  195529  238998  258895  267558  267788  265789  263064  255057  245174  231705  215871  200393  186096  172777  162560  154592  151395  150873  153123  156720  163672  170815  176930  182143  185182  186173  185056  184131  180679  175228  160193  131285  92618  52088  22640  7456  1910  340  38  4  1  
1  7  52  487  2446  10589  32649  75153  135918  194393  236537  257920  265082  265789  263986  259684  253209  242585  229691  215938  200150  185210  172004  162585  154682  150721  151039  153522  158671  164617  171935  179174  183714  185670  188279  187315  185173  183130  175790  161457  132326  92727  52798  22870  7638  1873  319  40  4  0  
2  7  53  460  2451  10498  32136  74571  133002  190923  233209  253856  261133  263064  259684  256428  248988  239054  226755  212920  197770  183760  171291  160532  153919  150593  150158  153325  158246  164218  172283  177884  183567  186986  187495  187455  186090  183641  176686  162240  133679  93169  53246  23150  7590  1895  318  48  1  0  
0  7  34  405  2315  10071  31212  72643  128998  186117  225762  245945  253402  255057  253209  248988  241024  232641  221475  207398  192657  178336  166715  157708  150673  148005  147926  150319  156163  163313  170243  176398  182188  185790  187046  186901  184720  182304  175870  161583  132240  93722  52812  22945  7707  1879  300  49  4  0  
0  3  54  411  2230  9776  30042  69344  124264  178196  217582  235879  244026  245174  242585  239054  232641  223772  214128  199790  186242  172634  162222  151973  146212  143525  143593  146281  152048  159445  166593  172671  178685  182994  183462  182846  182089  179320  173365  158884  130725  91666  51911  22597  7513  1800  331  35  4  0  
0  4  43  350  2151  9016  28314  66028  117189  168656  205157  223475  231189  231705  229691  226755  221475  214128  203528  190391  176972  164504  153697  145462  139335  137519  138765  141386  147148  153898  160845  168534  173786  177153  178713  178824  177801  174842  169177  154276  127999  89181  50776  22116  7417  1772  302  40  7  0  
0  5  39  398  2079  8579  26500  61317  109845  158862  191454  208603  215600  215871  215938  212920  207398  199790  190391  178190  166919  154989  145499  137715  132335  131350  131874  134917  140408  146323  154038  161235  167001  170388  172140  172066  171999  168981  163286  149853  123170  86481  48854  21789  7167  1723  272  48  4  0  
0  2  36  337  1839  7919  24750  56757  101045  145766  178067  193512  199599  200393  200150  197770  192657  186242  176972  166919  156188  146023  135733  130066  125333  124099  124597  128203  133426  140209  147339  153958  159165  163183  165001  164995  165308  163370  157777  144492  118933  83783  47519  21089  6731  1647  279  41  0  1  
0  4  34  305  1755  7407  23023  53043  93836  135867  164129  178075  184862  186096  185210  183760  178336  172634  164504  154989  146023  135716  127653  121349  117906  117379  118153  122347  126847  134115  140071  147220  152249  156470  158041  159577  159253  157404  152320  140082  115071  81524  45473  19564  6365  1552  266  36  2  0  
1  3  33  270  1609  6855  21145  49088  87196  125521  152369  166267  171255  172777  172004  171291  166715  162222  153697  145499  135733  127653  121408  114629  110902  111392  112720  116276  121922  128524  135246  141255  147355  151497  153507  154865  153913  152213  147032  135393  112085  78369  44456  19289  6307  1546  303  37  5  0  
0  3  27  241  1450  6221  19579  45209  81399  117386  143163  156594  161483  162560  162585  160532  157708  151973  145462  137715  130066  121349  114629  110136  107394  106762  108177  112494  117490  124460  132500  138649  143983  148232  150760  151556  152114  150606  145772  134149  109680  77854  43644  19344  6278  1546  279  31  2  0  
0  4  30  259  1436  6088  18477  43671  78001  111621  136168  148039  153408  154592  154682  153919  150673  146212  139335  132335  125333  117906  110902  107394  104342  105222  106506  110901  116928  123884  130824  138821  144097  148063  150248  152390  152273  149850  146108  133811  110432  78048  43940  19408  6205  1584  265  44  4  0  
0  2  23  224  1378  5860  18185  42530  75357  108916  132568  144939  149620  151395  150721  150593  148005  143525  137519  131350  124099  117379  111392  106762  105222  104584  106688  112635  117833  126000  133412  140311  147281  151807  154205  155148  155885  154058  150080  137059  113242  79837  45203  19764  6606  1543  275  34  6  0  
1  2  26  265  1398  5732  18190  42117  75258  108684  131919  143924  149673  150873  151039  150158  147926  143593  138765  131874  124597  118153  112720  108177  106506  106688  110846  115669  121728  129787  138390  145801  153394  157929  160992  162982  162752  161489  156346  144113  118177  83642  47146  20823  6791  1660  288  44  1  0  
2  1  30  240  1387  5916  18634  42575  76365  109594  133786  146136  151483  153123  153522  153325  150319  146281  141386  134917  128203  122347  116276  112494  110901  112635  115669  121140  127718  136259  145632  154297  161452  167448  171278  173024  174159  171854  166608  154341  127053  89168  50588  22056  7273  1839  295  43  4  0  
0  4  34  238  1460  6288  18982  43754  78475  112676  136995  150049  155796  156720  158671  158246  156163  152048  147148  140408  133426  126847  121922  117490  116928  117833  121728  127718  135582  145065  155055  165281  173356  179326  184534  185586  186060  185098  179439  165450  136007  96382  54101  23902  7778  1953  327  37  8  0  
0  4  29  254  1487  6256  19419  45074  80877  116409  142697  155453  162425  163672  164617  164218  163313  159445  153898  146323  140209  134115  128524  124460  123884  126000  129787  136259  145065  156214  167094  177810  185721  194805  198770  201045  201543  200067  194850  178762  147818  103558  59205  25894  8329  2082  355  37  4  0  
1  1  33  272  1545  6454  20166  46617  83941  121788  148554  162312  167715  170815  171935  172283  170243  166593  160845  154038  147339  140071  135246  132500  130824  133412  138390  145632  155055  167094  179476  190115  200386  209554  213388  217167  218469  217201  210133  192867  159626  112874  64059  28093  9131  2260  389  46  5  0  
0  3  34  264  1626  6720  21067  48449  87475  126313  153491  168350  175134  176930  179174  177884  176398  172671  168534  161235  153958  147220  141255  138649  138821  140311  145801  154297  165281  177810  190115  203552  214431  222903  227963  232334  233211  232255  226139  208091  171251  121028  68878  29990  9840  2445  428  47  5  0  
0  2  26  260  1639  6841  21728  50086  90102  128424  157441  172532  178865  182143  183714  183567  182188  178685  173786  167001  159165  152249  147355  143983  144097  147281  153394  161452  173356  185721  200386  214431  225492  235317  241097  244408  246943  245030  238619  219726  182240  128556  72621  31986  10292  2448  459  62  9  0  
0  4  45  303  1751  6987  21725  50820  91535  130550  159586  175427  182348  185182  185670  186986  185790  182994  177153  170388  163183  156470  151497  148232  148063  151807  157929  167448  179326  194805  209554  222903  235317  245994  251291  254538  256144  255818  249136  229380  190235  133651  76038  33020  10843  2597  499  56  8  0  
0  3  40  309  1673  7039  22059  50507  90786  131287  159537  176164  183083  186173  188279  187495  187046  183462  178713  172140  165001  158041  153507  150760  150248  154205  160992  171278  184534  198770  213388  227963  241097  251291  257322  261453  264191  263508  255746  235384  195366  137531  78101  34354  11263  2728  473  48  7  1  
0  3  54  281  1690  7033  21398  50405  91113  130661  159435  175178  181879  185056  187315  187455  186901  182846  178824  172066  164995  159577  154865  151556  152390  155148  162982  173024  185586  201045  217167  232334  244408  254538  261453  265012  267570  267641  260664  239617  198515  140000  78805  34511  11433  2727  492  63  6  0  
1  7  32  310  1668  7123  21601  50982  90239  129417  158056  173266  180623  184131  185173  186090  184720  182089  177801  171999  165308  159253  153913  152114  152273  155885  162752  174159  186060  201543  218469  233211  246943  256144  264191  267570  271462  269440  261926  241734  200962  141336  79571  34655  11346  2769  456  60  5  0  
0  7  32  289  1647  6829  21163  49195  87992  127605  155328  170576  177676  180679  183130  183641  182304  179320  174842  168981  163370  157404  152213  150606  149850  154058  161489  171854  185098  200067  217201  232255  245030  255818  263508  267641  269440  269830  261711  240754  200284  140539  79579  34924  11327  2772  469  73  2  1  
0  3  38  280  1570  6641  20769  47368  85141  123081  149725  164663  171367  175228  175790  176686  175870  173365  169177  163286  157777  152320  147032  145772  146108  150080  156346  166608  179439  194850  210133  226139  238619  249136  255746  260664  261926  261711  254464  233889  193751  137106  77483  34147  11076  2651  490  58  5  2  
0  5  33  260  1423  6040  18644  43357  77805  112031  136849  149735  157061  160193  161457  162240  161583  158884  154276  149853  144492  140082  135393  134149  133811  137059  144113  154341  165450  178762  192867  208091  219726  229380  235384  239617  241734  240754  233889  215430  179639  125955  70893  31445  10034  2595  449  73  2  1  
0  2  30  212  1154  5043  15372  35464  63831  92187  112817  123954  129244  131285  132326  133679  132240  130725  127999  123170  118933  115071  112085  109680  110432  113242  118177  127053  136007  147818  159626  171251  182240  190235  195366  198515  200962  200284  193751  179639  148260  104347  58816  25705  8526  2157  380  50  6  1  
0  1  20  157  849  3414  10881  25032  45059  64559  78876  87034  90242  92618  92727  93169  93722  91666  89181  86481  83783  81524  78369  77854  78048  79837  83642  89168  96382  103558  112874  121028  128556  133651  137531  140000  141336  140539  137106  125955  104347  73614  41888  18460  5952  1468  265  30  3  1  
0  2  9  74  445  1997  6146  13976  25442  36747  45270  49421  51159  52088  52798  53246  52812  51911  50776  48854  47519  45473  44456  43644  43940  45203  47146  50588  54101  59205  64059  68878  72621  76038  78101  78805  79571  79579  77483  70893  58816  41888  23066  10200  3442  797  158  26  2  0  
0  0  4  38  210  859  2651  6185  11136  15969  19755  21394  22127  22640  22870  23150  22945  22597  22116  21789  21089  19564  19289  19344  19408  19764  20823  22056  23902  25894  28093  29990  31986  33020  34354  34511  34655  34924  34147  31445  25705  18460  10200  4524  1421  385  54  8  0  0  
0  0  0  13  62  293  898  1988  3663  5281  6367  7145  7412  7456  7638  7590  7707  7513  7417  7167  6731  6365  6307  6278  6205  6606  6791  7273  7778  8329  9131  9840  10292  10843  11263  11433  11346  11327  11076  10034  8526  5952  3442  1421  462  128  16  1  0  0  
0  0  0  4  17  72  205  448  940  1293  1542  1746  1781  1910  1873  1895  1879  1800  1772  1723  1647  1552  1546  1546  1584  1543  1660  1839  1953  2082  2260  2445  2448  2597  2728  2727  2769  2772  2651  2595  2157  1468  797  385  128  38  7  0  0  0  
0  0  0  2  5  13  31  98  131  232  297  339  306  340  319  318  300  331  302  272  279  266  303  279  265  275  288  295  327  355  389  428  459  499  473  492  456  469  490  449  380  265  158  54  16  7  0  0  0  0  
0  0  0  0  1  0  6  7  15  30  29  34  43  38  40  48  49  35  40  48  41  36  37  31  44  34  44  43  37  37  46  47  62  56  48  63  60  73  58  73  50  30  26  8  1  0  0  0  0  0  
0  0  0  0  0  0  0  1  3  5  4  3  1  4  4  1  4  4  7  4  0  2  5  2  4  6  1  4  8  4  5  5  9  8  7  6  5  2  5  2  6  3  2  0  0  0  0  0  0  0  
0  0  0  0  0  0  0  0  1  0  1  1  0  1  0  0  0  0  0  0  1  0  0  0  0  0  0  0  0  0  0  0  0  0  1  0  0  1  2  1  1  1  0  0  0  0  0  0  0  0  
