0  0  0  0  0  0  0  1  0  0  1  1  2  0  2  0  1  1  0  0  1  1  0  2  0  0  0  0  1  0  0  0  0  0  1  0  1  0  0  0  0  0  0  0  0  0  0  0  0  0  
0  0  0  0  0  1  0  1  3  5  4  3  5  6  6  5  3  7  5  7  2  2  1  2  5  1  4  1  7  6  2  6  5  3  3  7  1  4  5  4  4  0  2  0  0  0  0  0  0  0  
0  0  0  0  0  4  5  13  27  33  36  54  34  33  43  41  37  45  46  46  25  43  30  30  22  38  25  29  26  37  44  29  48  51  49  45  45  43  40  36  19  14  15  2  0  0  0  0  0  0  
0  0  0  0  3  17  56  128  214  268  339  418  410  420  391  373  418  321  372  304  306  245  265  245  257  252  262  247  276  297  279  290  311  324  316  316  351  353  338  308  243  171  97  49  15  3  0  0  0  0  
0  0  0  3  18  91  275  649  1136  1658  1982  2082  2198  2287  2288  2214  2134  2089  1946  1837  1784  1683  1554  1375  1431  1428  1435  1429  1572  1566  1704  1733  1847  1866  1933  1873  1905  1889  1836  1691  1410  1003  547  228  98  20  4  0  0  0  
0  1  4  17  91  374  1226  2707  4920  6986  8427  9324  9375  9616  9268  9355  9216  8892  8427  7969  7538  6959  6496  6267  5981  5999  5907  6188  6423  6783  7135  7400  7607  7978  8126  7957  8262  8059  7822  7099  5828  4034  2345  1006  340  79  12  0  1  0  
0  0  5  56  275  1226  3492  8202  15086  21635  26353  28579  29372  29595  29133  29093  28375  27143  26115  24437  23080  21716  20209  18913  18653  18458  18785  19428  19947  21083  22227  23124  23975  24839  25169  24905  25159  24817  23921  22101  18264  12909  7178  3146  1008  278  54  10  0  0  
1  1  13  128  649  2707  8202  19360  34616  49890  60780  65949  68098  68105  68092  67425  65701  63056  60236  56464  52857  49601  46989  44857  43173  43117  42995  44535  45975  48491  51366  53701  55922  57506  58330  58131  58257  57260  55558  50703  41986  29711  16923  7263  2418  591  94  16  1  0  
0  3  27  214  1136  4920  15086  34616  61482  88734  107875  117953  121530  122577  121788  120673  117185  113722  107979  101450  95170  89053  83555  79926  77154  76388  76997  79736  82634  87198  92102  96635  99479  102761  103833  103940  104691  102822  100021  91595  75524  53428  30158  13360  4480  1024  180  25  5  0  
0  5  33  268  1658  6986  21635  49890  88734  127638  154948  169453  174396  175310  175075  173242  169075  163045  155402  145905  137445  127761  120521  115048  110997  109606  111139  114049  119524  125442  132562  138440  143728  147538  149372  150248  150231  147745  143695  131857  109086  76496  43275  18792  6165  1554  282  33  3  0  
1  4  36  339  1982  8427  26353  60780  107875  154948  187858  205573  212369  213790  212346  210511  205555  198133  189507  178204  166637  155828  146820  139539  134413  134177  135233  139053  145979  152861  161958  168568  174813  180117  182047  183207  183273  181211  175308  161522  132718  93234  52856  23185  7708  1841  328  44  2  0  
1  3  54  418  2082  9324  28579  65949  117953  169453  205573  224228  232449  232023  232340  229172  224609  215032  205553  194647  181876  170202  160403  151884  147174  145929  147903  152139  158693  167354  176063  184486  192189  196434  198639  201299  199924  198544  190849  176058  144140  101560  57756  25460  8192  2015  363  35  0  0  
2  5  34  410  2198  9375  29372  68098  121530  174396  212369  232449  238218  240377  240055  236239  230440  223166  213933  200610  187975  175947  165614  157649  152778  150528  152569  157678  164737  173084  182632  191839  199043  204891  207234  207974  207623  205141  199221  182099  150475  105793  59629  26163  8623  2131  347  42  3  1  
0  6  33  420  2287  9616  29595  68105  122577  175310  213790  232023  240377  241724  240889  238337  232433  225347  214763  202404  189475  177215  166506  158183  153372  152433  153916  159707  166262  175382  185111  194843  201203  207993  210059  210401  210200  207372  201297  184745  151499  106865  60333  26532  8685  2124  350  51  7  1  
2  6  43  391  2288  9268  29133  68092  121788  175075  212346  232340  240055  240889  239464  237559  232303  222833  213744  201858  189560  177842  166476  158321  153577  152883  154131  158965  166039  175667  184869  194355  202232  207256  209714  211177  209924  208885  201886  185355  153195  107422  60780  26318  8728  2099  369  41  3  0  
0  5  41  373  2214  9355  29093  67425  120673  173242  210511  229172  236239  238337  237559  235162  230553  222831  212057  199629  186790  176110  166124  156790  152200  151186  153329  158348  164812  174843  183972  193700  200768  205478  209481  210761  209997  207723  200991  185218  152163  106740  60684  26590  8563  2163  382  44  4  1  
1  3  37  418  2134  9216  28375  65701  117185  169075  205555  224609  230440  232433  232303  230553  224470  217841  207388  195610  184006  172103  162410  154846  149752  147765  151353  155193  163018  171183  181433  190716  197547  203397  205388  206748  207805  204171  197764  181853  149787  105130  59586  25923  8515  2104  319  55  1  0  
1  7  45  321  2089  8892  27143  63056  113722  163045  198133  215032  223166  225347  222833  222831  217841  209776  199812  189522  178586  166318  156553  150154  145952  144162  146600  150800  158658  166753  176302  185427  193169  198331  202378  202029  202223  200283  192662  176741  146436  102951  58113  25567  8276  2164  361  46  5  1  
0  5  46  372  1946  8427  26115  60236  107979  155402  189507  205553  213933  214763  213744  212057  207388  199812  192802  180760  168927  160209  150469  142948  139955  139114  141061  145298  152308  160367  170111  179210  185503  190662  193838  195187  193768  192668  186279  170484  141271  99807  56431  24351  8054  1944  372  44  3  1  
0  7  46  304  1837  7969  24437  56464  101450  145905  178204  194647  200610  202404  201858  199629  195610  189522  180760  171224  160449  150564  141957  136521  132181  131532  133540  138012  144668  152923  161862  170186  177399  181952  185042  185794  185848  184098  177882  164240  134771  94734  53906  23554  7872  1863  308  52  5  1  
1  2  25  306  1784  7538  23080  52857  95170  137445  166637  181876  187975  189475  189560  186790  184006  178586  168927  160449  151312  142021  133563  128140  124004  123754  126315  131506  136978  145215  152895  160917  168299  172931  175203  176601  176085  174880  169378  154784  128384  90623  51349  22025  7438  1744  339  42  5  0  
1  2  43  245  1683  6959  21716  49601  89053  127761  155828  170202  175947  177215  177842  176110  172103  166318  160209  150564  142021  133102  125033  120945  117279  116765  119244  123592  129913  137253  145153  152707  158611  163822  166451  167204  167706  166223  161797  147569  121543  86000  48590  20911  6968  1736  320  36  0  1  
0  1  30  265  1554  6496  20209  46989  83555  120521  146820  160403  165614  166506  166476  166124  162410  156553  150469  141957  133563  125033  118970  113820  111482  110788  112586  117427  123206  130559  138551  145946  151368  157342  158732  160657  160834  158957  154042  141352  115983  81974  46369  20562  6624  1643  283  38  5  1  
2  2  30  245  1375  6267  18913  44857  79926  115048  139539  151884  157649  158183  158321  156790  154846  150154  142948  136521  128140  120945  113820  109520  106753  107071  108575  113520  118893  126748  133438  141015  146888  151203  154355  155334  155905  154099  149783  136747  113178  79310  44633  19491  6406  1610  305  37  2  0  
0  5  22  257  1431  5981  18653  43173  77154  110997  134413  147174  152778  153372  153577  152200  149752  145952  139955  132181  124004  117279  111482  106753  104398  104325  106380  110923  116632  124554  131372  138819  144775  148811  152131  153602  153707  151620  147631  135243  111283  78010  44177  19343  6530  1551  274  45  2  0  
0  1  38  252  1428  5999  18458  43117  76388  109606  134177  145929  150528  152433  152883  151186  147765  144162  139114  131532  123754  116765  110788  107071  104325  104604  106466  111464  117160  124476  131894  140534  145795  150467  153068  155129  155464  154406  149398  137784  112894  79460  44889  19575  6516  1594  285  35  3  0  
0  4  25  262  1435  5907  18785  42995  76997  111139  135233  147903  152569  153916  154131  153329  151353  146600  141061  133540  126315  119244  112586  108575  106380  106466  109762  113523  120208  127462  136143  143632  150555  154776  157971  160019  159962  158492  153938  141296  117366  81926  46639  20114  6610  1597  268  33  5  0  
0  1  29  247  1429  6188  19428  44535  79736  114049  139053  152139  157678  159707  158965  158348  155193  150800  145298  138012  131506  123592  117427  113520  110923  111464  113523  119062  125784  133643  141893  150664  158046  163376  165780  167443  167909  167222  161455  148505  122605  85894  48593  21468  6950  1647  293  50  3  0  
1  7  26  276  1572  6423  19947  45975  82634  119524  145979  158693  164737  166262  166039  164812  163018  158658  152308  144668  136978  129913  123206  118893  116632  117160  120208  125784  131978  141253  150900  160472  167119  172124  175117  177800  178225  177378  172076  157256  130204  91658  51893  22964  7445  1825  306  41  6  1  
0  6  37  297  1566  6783  21083  48491  87198  125442  152861  167354  173084  175382  175667  174843  171183  166753  160367  152923  145215  137253  130559  126748  124554  124476  127462  133643  141253  150624  161407  170255  178978  185044  188636  189336  191092  189540  183759  169319  139492  98218  55255  24314  7946  2039  337  54  6  0  
0  2  44  279  1704  7135  22227  51366  92102  132562  161958  176063  182632  185111  184869  183972  181433  176302  170111  161862  152895  145153  138551  133438  131372  131894  136143  141893  150900  161407  171560  181712  190645  197360  201149  203006  203918  202753  196525  180409  150189  105428  59719  26265  8379  2120  386  43  2  1  
0  6  29  290  1733  7400  23124  53701  96635  138440  168568  184486  191839  194843  194355  193700  190716  185427  179210  170186  160917  152707  145946  141015  138819  140534  143632  150664  160472  170255  181712  192710  202233  208690  214388  216576  216469  215209  208176  190424  158460  112384  63569  27756  8979  2206  397  63  7  0  
0  5  48  311  1847  7607  23975  55922  99479  143728  174813  192189  199043  201203  202232  200768  197547  193169  185503  177399  168299  158611  151368  146888  144775  145795  150555  158046  167119  178978  190645  202233  212246  219487  224324  226484  227484  226123  218138  201510  166863  116732  66303  28936  9654  2364  399  49  4  0  
0  3  51  324  1866  7978  24839  57506  102761  147538  180117  196434  204891  207993  207256  205478  203397  198331  190662  181952  172931  163822  157342  151203  148811  150467  154776  163376  172124  185044  197360  208690  219487  228388  233079  233728  235257  233766  227469  208910  172328  121612  68795  30050  9836  2449  475  56  6  1  
1  3  49  316  1933  8126  25169  58330  103833  149372  182047  198639  207234  210059  209714  209481  205388  202378  193838  185042  175203  166451  158732  154355  152131  153068  157971  165780  175117  188636  201149  214388  224324  233079  236494  238779  239722  238227  231751  212996  176727  124317  70235  30824  9989  2433  453  46  5  1  
0  7  45  316  1873  7957  24905  58131  103940  150248  183207  201299  207974  210401  211177  210761  206748  202029  195187  185794  176601  167204  160657  155334  153602  155129  160019  167443  177800  189336  203006  216576  226484  233728  238779  242532  243292  240867  233717  214888  178487  125292  70637  31151  10261  2401  434  45  7  0  
1  1  45  351  1905  8262  25159  58257  104691  150231  183273  199924  207623  210200  209924  209997  207805  202223  193768  185848  176085  167706  160834  155905  153707  155464  159962  167909  178225  191092  203918  216469  227484  235257  239722  243292  244244  241686  235583  216243  178407  126003  71312  31552  10222  2572  416  58  6  0  
0  4  43  353  1889  8059  24817  57260  102822  147745  181211  198544  205141  207372  208885  207723  204171  200283  192668  184098  174880  166223  158957  154099  151620  154406  158492  167222  177378  189540  202753  215209  226123  233766  238227  240867  241686  239926  233077  214465  177878  125537  70838  30976  10263  2392  432  61  5  0  
0  5  40  338  1836  7822  23921  55558  100021  143695  175308  190849  199221  201297  201886  200991  197764  192662  186279  177882  169378  161797  154042  149783  147631  149398  153938  161455  172076  183759  196525  208176  218138  227469  231751  233717  235583  233077  226872  208090  172148  121508  68800  30482  9734  2417  388  37  9  0  
0  4  36  308  1691  7099  22101  50703  91595  131857  161522  176058  182099  184745  185355  185218  181853  176741  170484  164240  154784  147569  141352  136747  135243  137784  141296  148505  157256  169319  180409  190424  201510  208910  212996  214888  216243  214465  208090  192614  158762  111832  63175  27884  8869  2238  382  56  4  0  
0  4  19  243  1410  5828  18264  41986  75524  109086  132718  144140  150475  151499  153195  152163  149787  146436  141271  134771  128384  121543  115983  113178  111283  112894  117366  122605  130204  139492  150189  158460  166863  172328  176727  178487  178407  177878  172148  158762  130372  92298  52292  22794  7450  1795  293  40  1  0  
0  0  14  171  1003  4034  12909  29711  53428  76496  93234  101560  105793  106865  107422  106740  105130  102951  99807  94734  90623  86000  81974  79310  78010  79460  81926  85894  91658  98218  105428  112384  116732  121612  124317  125292  126003  125537  121508  111832  92298  65060  36661  15927  5184  1314  250  24  5  0  
0  2  15  97  547  2345  7178  16923  30158  43275  52856  57756  59629  60333  60780  60684  59586  58113  56431  53906  51349  48590  46369  44633  44177  44889  46639  48593  51893  55255  59719  63569  66303  68795  70235  70637  71312  70838  68800  63175  52292  36661  20724  8993  2971  694  134  13  2  0  
0  0  2  49  228  1006  3146  7263  13360  18792  23185  25460  26163  26532  26318  26590  25923  25567  24351  23554  22025  20911  20562  19491  19343  19575  20114  21468  22964  24314  26265  27756  28936  30050  30824  31151  31552  30976  30482  27884  22794  15927  8993  3918  1304  320  49  7  3  0  
0  0  0  15  98  340  1008  2418  4480  6165  7708  8192  8623  8685  8728  8563  8515  8276  8054  7872  7438  6968  6624  6406  6530  6516  6610  6950  7445  7946  8379  8979  9654  9836  9989  10261  10222  10263  9734  8869  7450  5184  2971  1304  420  96  22  0  0  0  
0  0  0  3  20  79  278  591  1024  1554  1841  2015  2131  2124  2099  2163  2104  2164  1944  1863  1744  1736  1643  1610  1551  1594  1597  1647  1825  2039  2120  2206  2364  2449  2433  2401  2572  2392  2417  2238  1795  1314  694  320  96  24  5  1  0  0  
0  0  0  0  4  12  54  94  180  282  328  363  347  350  369  382  319  361  372  308  339  320  283  305  274  285  268  293  306  337  386  397  399  475  453  434  416  432  388  382  293  250  134  49  22  5  2  0  0  0  
0  0  0  0  0  0  10  16  25  33  44  35  42  51  41  44  55  46  44  52  42  36  38  37  45  35  33  50  41  54  43  63  49  56  46  45  58  61  37  56  40  24  13  7  0  1  0  0  0  0  
0  0  0  0  0  1  0  1  5  3  2  0  3  7  3  4  1  5  3  5  5  0  5  2  2  3  5  3  6  6  2  7  4  6  5  7  6  5  9  4  1  5  2  3  0  0  0  0  0  0  
0  0  0  0  0  0  0  0  0  0  0  0  1  1  0  1  0  1  1  1  0  1  1  0  0  0  0  0  1  0  1  0  0  1  1  0  0  0  0  0  0  0  0  0  0  0  0  0  0  0  
