0  0  0  0  0  0  0  0  0  1  0  0  1  1  1  1  0  1  0  1  0  0  1  0  0  0  0  0  1  0  0  0  0  3  1  1  0  0  1  0  0  0  0  1  0  0  0  0  0  0  
0  0  0  0  0  2  2  2  3  5  7  8  11  13  5  7  8  5  7  8  7  5  4  3  2  5  1  2  3  4  0  2  2  0  2  0  1  1  0  0  0  1  0  0  0  0  0  0  0  0  
0  0  0  1  0  2  16  30  56  80  75  101  97  85  92  86  79  65  68  52  61  43  36  31  23  20  13  17  7  6  8  10  5  5  5  2  0  0  1  1  2  1  0  0  0  0  0  0  0  0  
0  0  1  2  6  44  113  288  469  665  814  846  816  874  837  729  648  612  544  447  396  325  263  199  195  141  121  85  74  56  62  44  35  28  30  14  14  6  7  11  3  3  1  0  0  0  0  0  0  0  
0  0  0  6  56  223  632  1603  2862  3939  4695  5041  4884  4785  4639  4276  3925  3509  3061  2591  2170  1679  1465  1156  935  711  614  505  426  324  254  210  147  107  84  60  51  42  20  15  18  7  3  2  0  0  0  0  0  0  
0  2  2  44  223  896  2895  6908  12028  17100  20398  21536  21492  20662  19657  17870  16240  14453  12621  10795  9097  7422  6025  4829  3922  3103  2450  1962  1587  1273  1035  843  663  528  362  263  213  155  103  80  49  25  7  6  4  0  0  0  0  0  
0  2  16  113  632  2895  9104  20700  37039  52829  63535  66850  66818  63813  60197  56054  50759  45523  39408  33447  28126  22954  18566  14832  11979  9646  7691  6235  5048  3935  3169  2434  1982  1498  1104  794  580  396  296  221  139  94  53  16  6  1  1  0  0  0  
0  2  30  288  1603  6908  20700  48794  85476  122045  145723  154660  153568  147464  139450  129174  117608  105198  90929  77719  64803  53611  43113  34547  28007  22445  17691  14647  11893  9358  7510  5811  4536  3461  2662  1970  1396  1013  755  513  338  198  124  45  9  7  1  1  0  0  
0  3  56  469  2862  12028  37039  85476  153648  216603  259772  275679  274761  263265  249637  231072  210982  188269  163415  139598  117005  95524  77526  62989  50422  40792  32566  26275  21471  17085  13780  10895  8358  6577  4896  3587  2704  1963  1425  995  653  375  207  84  36  9  3  0  0  0  
1  5  80  665  3939  17100  52829  122045  216603  307680  369833  392046  392085  376764  356318  332752  302676  269518  236065  203142  169496  139504  114287  92819  74339  60012  48668  39369  31772  25780  21094  16595  12945  10089  7566  5658  4172  2971  2167  1545  1084  709  337  142  54  16  7  2  0  0  
0  7  75  814  4695  20398  63535  145723  259772  369833  443048  470969  469368  454054  429728  400734  367717  329957  289315  248658  209376  174006  142006  116387  93745  76632  62428  50983  41655  34125  27703  22235  17542  13827  10680  7994  5951  4461  3195  2293  1622  1003  534  210  70  16  5  1  0  1  
0  8  101  846  5041  21536  66850  154660  275679  392046  470969  502026  502070  487663  463378  434220  400135  360938  318789  274819  233325  194826  161286  132385  108096  89051  73551  60264  49715  41228  34190  27568  22741  17510  13419  10217  7870  5782  4228  3180  2249  1413  736  283  93  32  8  5  1  0  
1  11  97  816  4884  21492  66818  153568  274761  392085  469368  502070  505296  493065  472991  444618  412265  373462  333661  289883  247617  208340  174571  144664  119894  98984  82428  69491  58125  48900  40825  33736  27257  21766  17382  13225  10016  7576  5671  4451  3119  1914  948  424  148  52  14  2  0  1  
1  13  85  874  4785  20662  63813  147464  263265  376764  454054  487663  493065  483584  464499  441069  412048  376590  339017  298316  256044  219135  184969  155415  130432  109709  92450  78889  67302  57176  48342  40268  33159  27058  21440  16719  13250  10137  7735  5909  4075  2713  1350  586  212  45  18  2  1  0  
1  5  92  837  4639  19657  60197  139450  249637  356318  429728  463378  472991  464499  449888  432631  405632  377283  341587  302364  264720  228906  194503  165582  139985  120137  102682  89451  76506  66577  57301  48168  40332  33046  26792  21123  16866  13255  10444  7826  5767  3659  1951  816  267  80  15  1  0  0  
1  7  86  729  4276  17870  56054  129174  231072  332752  400734  434220  444618  441069  432631  417804  398632  371644  341071  306046  270460  236722  204127  175423  150973  130732  114213  99767  87789  76846  66915  57261  48660  40780  33087  26731  21423  17081  13655  10474  7559  4909  2664  1181  388  105  25  4  2  0  
0  8  79  648  3925  16240  50759  117608  210982  302676  367717  400135  412265  412048  405632  398632  381510  360803  335183  304222  271762  240314  210497  182683  159929  140956  124377  110109  98295  87017  76746  67352  58141  49028  40478  33081  26579  21589  17325  13712  9882  6582  3552  1485  522  130  24  10  2  0  
1  5  65  612  3509  14453  45523  105198  188269  269518  329957  360938  373462  376590  377283  371644  360803  345632  322992  297330  269935  241142  213416  188573  167105  148996  133576  120344  108097  98220  87544  77622  67829  57322  48253  40218  33029  27012  21924  17540  12857  8764  4624  1999  682  177  37  4  3  0  
0  7  68  544  3061  12621  39408  90929  163415  236065  289315  318789  333661  339017  341587  341071  335183  322992  306868  286354  262239  237052  212650  190528  171311  155555  140271  128248  118080  108260  98095  87939  77321  67080  57588  48102  39903  33194  27618  22213  16530  11101  5970  2596  860  202  31  9  4  0  
1  8  52  447  2591  10795  33447  77719  139598  203142  248658  274819  289883  298316  302364  306046  304222  297330  286354  269468  249821  229184  208286  189855  171877  158509  146578  135147  125812  116788  107327  97514  87756  76925  66033  56950  47942  40470  33678  27725  20997  13800  7604  3298  1118  284  65  14  0  0  
0  7  61  396  2170  9097  28126  64803  117005  169496  209376  233325  247617  256044  264720  270460  271762  269935  262239  249821  235164  218280  201421  186083  171895  159796  149652  140992  132621  125383  116902  107614  97841  86994  75910  66230  56894  48521  41492  33968  26060  17545  9587  4168  1317  349  72  11  4  0  
0  5  43  325  1679  7422  22954  53611  95524  139504  174006  194826  208340  219135  228906  236722  240314  241142  237052  229184  218280  205372  192366  179409  169072  160163  151516  145068  139062  132589  126199  117740  108502  98712  87707  76893  66814  57599  49966  41569  31907  21515  11905  5106  1665  415  73  18  2  0  
1  4  36  263  1465  6025  18566  43113  77526  114287  142006  161286  174571  184969  194503  204127  210497  213416  212650  208286  201421  192366  182542  173922  165193  158255  153764  148696  144767  140876  135561  128808  120123  111046  99577  88968  78286  69018  60221  50702  39569  26548  14779  6392  2025  513  93  15  6  1  
0  3  31  199  1156  4829  14832  34547  62989  92819  116387  132385  144664  155415  165582  175423  182683  188573  190528  189855  186083  179409  173922  166734  161869  157755  154999  153103  151762  149851  146799  140458  133154  124113  113986  102701  92261  82422  72946  62263  48775  33010  18531  7977  2622  649  145  24  3  0  
0  2  23  195  935  3922  11979  28007  50422  74339  93745  108096  119894  130432  139985  150973  159929  167105  171311  171877  171895  169072  165193  161869  158832  158608  157954  159025  158040  159036  157712  154635  148351  140672  130793  119657  108752  98903  88780  75994  59663  40955  23047  9789  3285  816  151  29  3  1  
0  5  20  141  711  3103  9646  22445  40792  60012  76632  89051  98984  109709  120137  130732  140956  148996  155555  158509  159796  160163  158255  157755  158608  159776  161844  165830  167847  170915  171766  171301  166674  160253  151277  140371  129860  118898  108145  94016  74590  50839  28513  12396  3954  1045  199  33  5  0  
0  1  13  121  614  2450  7691  17691  32566  48668  62428  73551  82428  92450  102682  114213  124377  133576  140271  146578  149652  151516  153764  154999  157954  161844  166726  173231  179114  185216  189831  191525  188860  183141  175020  164671  155067  143453  131430  115437  92602  63733  35883  15355  5137  1261  219  35  2  1  
0  2  17  85  505  1962  6235  14647  26275  39369  50983  60264  69491  78889  89451  99767  110109  120344  128248  135147  140992  145068  148696  153103  159025  165830  173231  182142  191564  200379  209263  212684  213238  209670  203088  194504  184845  173903  160787  142230  114193  79167  44280  19266  6287  1555  260  28  8  0  
1  3  7  74  426  1587  5048  11893  21471  31772  41655  49715  58125  67302  76506  87789  98295  108097  118080  125812  132621  139062  144767  151762  158040  167847  179114  191564  203852  217149  228446  236869  239730  239614  235520  226506  218729  208261  194091  173782  141001  97300  55056  23909  7898  1847  340  36  4  0  
0  4  6  56  324  1273  3935  9358  17085  25780  34125  41228  48900  57176  66577  76846  87017  98220  108260  116788  125383  132589  140876  149851  159036  170915  185216  200379  217149  234266  247785  261214  268086  270703  269308  264690  257460  248162  233401  209612  171023  118999  67249  29378  9601  2381  400  62  8  0  
0  0  8  62  254  1035  3169  7510  13780  21094  27703  34190  40825  48342  57301  66915  76746  87544  98095  107327  116902  126199  135561  146799  157712  171766  189831  209263  228446  247785  268726  285384  296652  305197  304744  302081  298621  289699  275639  250520  204214  142532  80660  35261  11376  2885  517  83  4  1  
0  2  10  44  210  843  2434  5811  10895  16595  22235  27568  33736  40268  48168  57261  67352  77622  87939  97514  107614  117740  128808  140458  154635  171301  191525  212684  236869  261214  285384  307706  324380  335474  340809  342117  338625  333702  320672  291383  239182  168188  93948  41653  13440  3396  581  73  4  1  
0  2  5  35  147  663  1982  4536  8358  12945  17542  22741  27257  33159  40332  48660  58141  67829  77321  87756  97841  108502  120123  133154  148351  166674  188860  213238  239730  268086  296652  324380  345366  361990  372267  377760  378938  375251  363926  333162  274096  192703  108891  47566  15736  3792  683  85  6  0  
3  0  5  28  107  528  1498  3461  6577  10089  13827  17510  21766  27058  33046  40780  49028  57322  67080  76925  86994  98712  111046  124113  140672  160253  183141  209670  239614  270703  305197  335474  361990  384222  398430  407943  414137  413592  402953  371999  307441  216670  122447  54125  17705  4276  765  109  6  1  
1  2  5  30  84  362  1104  2662  4896  7566  10680  13419  17382  21440  26792  33087  40478  48253  57588  66033  75910  87707  99577  113986  130793  151277  175020  203088  235520  269308  304744  340809  372267  398430  417822  432958  442394  446284  437504  406681  335053  237297  134140  58863  19408  4685  867  106  6  0  
1  0  2  14  60  263  794  1970  3587  5658  7994  10217  13225  16719  21123  26731  33081  40218  48102  56950  66230  76893  88968  102701  119657  140371  164671  194504  226506  264690  302081  342117  377760  407943  432958  452352  466437  471639  467226  433819  360336  255840  145104  63477  20695  5103  834  102  8  1  
0  1  0  14  51  213  580  1396  2704  4172  5951  7870  10016  13250  16866  21423  26579  33029  39903  47942  56894  66814  78286  92261  108752  129860  155067  184845  218729  257460  298621  338625  378938  414137  442394  466437  483226  495176  491198  458487  382098  270576  154050  67182  22406  5330  931  107  6  0  
0  1  0  6  42  155  396  1013  1963  2971  4461  5782  7576  10137  13255  17081  21589  27012  33194  40470  48521  57599  69018  82422  98903  118898  143453  173903  208261  248162  289699  333702  375251  413592  446284  471639  495176  508230  505994  473564  398620  282468  160015  70184  22959  5716  958  113  10  2  
1  0  1  7  20  103  296  755  1425  2167  3195  4228  5671  7735  10444  13655  17325  21924  27618  33678  41492  49966  60221  72946  88780  108145  131430  160787  194091  233401  275639  320672  363926  402953  437504  467226  491198  505994  505772  476616  399347  284463  161646  71317  23048  5715  930  110  10  1  
0  0  1  11  15  80  221  513  995  1545  2293  3180  4451  5909  7826  10474  13712  17540  22213  27725  33968  41569  50702  62263  75994  94016  115437  142230  173782  209612  250520  291383  333162  371999  406681  433819  458487  473564  476616  449098  377853  268560  152369  66545  21974  5354  990  89  12  0  
0  0  2  3  18  49  139  338  653  1084  1622  2249  3119  4075  5767  7559  9882  12857  16530  20997  26060  31907  39569  48775  59663  74590  92602  114193  141001  171023  204214  239182  274096  307441  335053  360336  382098  398620  399347  377853  318490  226418  129106  56804  18667  4441  765  95  6  0  
0  1  1  3  7  25  94  198  375  709  1003  1413  1914  2713  3659  4909  6582  8764  11101  13800  17545  21515  26548  33010  40955  50839  63733  79167  97300  118999  142532  168188  192703  216670  237297  255840  270576  282468  284463  268560  226418  161238  91624  40191  13029  3177  532  69  5  0  
0  0  0  1  3  7  53  124  207  337  534  736  948  1350  1951  2664  3552  4624  5970  7604  9587  11905  14779  18531  23047  28513  35883  44280  55056  67249  80660  93948  108891  122447  134140  145104  154050  160015  161646  152369  129106  91624  52562  23144  7471  1853  313  35  3  0  
1  0  0  0  2  6  16  45  84  142  210  283  424  586  816  1181  1485  1999  2596  3298  4168  5106  6392  7977  9789  12396  15355  19266  23909  29378  35261  41653  47566  54125  58863  63477  67182  70184  71317  66545  56804  40191  23144  10010  3271  793  131  22  1  0  
0  0  0  0  0  4  6  9  36  54  70  93  148  212  267  388  522  682  860  1118  1317  1665  2025  2622  3285  3954  5137  6287  7898  9601  11376  13440  15736  17705  19408  20695  22406  22959  23048  21974  18667  13029  7471  3271  1070  246  40  4  1  0  
0  0  0  0  0  0  1  7  9  16  16  32  52  45  80  105  130  177  202  284  349  415  513  649  816  1045  1261  1555  1847  2381  2885  3396  3792  4276  4685  5103  5330  5716  5715  5354  4441  3177  1853  793  246  66  9  0  0  0  
0  0  0  0  0  0  1  1  3  7  5  8  14  18  15  25  24  37  31  65  72  73  93  145  151  199  219  260  340  400  517  581  683  765  867  834  931  958  930  990  765  532  313  131  40  9  0  0  0  0  
0  0  0  0  0  0  0  1  0  2  1  5  2  2  1  4  10  4  9  14  11  18  15  24  29  33  35  28  36  62  83  73  85  109  106  102  107  113  110  89  95  69  35  22  4  0  0  0  0  0  
0  0  0  0  0  0  0  0  0  0  0  1  0  1  0  2  2  3  4  0  4  2  6  3  3  5  2  8  4  8  4  4  6  6  6  8  6  10  10  12  6  5  3  1  1  0  0  0  0  0  
0  0  0  0  0  0  0  0  0  0  1  0  1  0  0  0  0  0  0  0  0  0  1  0  1  0  1  0  0  0  1  1  0  1  0  1  0  2  1  0  0  0  0  0  0  0  0  0  0  0  
