0  0  0  0  0  0  0  0  0  1  0  0  1  1  1  2  3  0  0  1  2  0  0  1  0  1  0  0  1  0  0  0  0  0  0  0  0  0  0  1  0  0  0  0  0  0  0  0  0  0  
0  0  0  0  0  0  2  1  5  3  4  5  6  5  8  5  0  8  6  5  5  5  5  3  2  3  5  0  1  2  4  2  5  4  2  5  4  8  1  2  1  3  1  2  0  0  0  0  0  0  
0  0  0  0  0  1  4  5  24  36  40  40  48  31  49  44  44  38  56  46  44  22  26  25  37  34  32  24  26  41  39  45  32  39  41  44  52  31  37  33  32  24  11  5  0  0  0  0  0  0  
0  0  0  0  4  15  58  95  219  270  335  362  347  398  367  363  386  326  347  306  295  313  264  262  262  293  237  240  279  261  329  294  329  369  356  372  351  357  336  291  246  175  102  39  15  1  2  0  0  0  
0  0  0  4  12  68  235  619  1080  1472  1800  2043  2033  2151  2162  2155  2084  2073  1918  1892  1666  1596  1435  1451  1420  1406  1484  1525  1565  1600  1721  1820  1981  1971  2080  2009  2056  1900  1926  1830  1471  1013  626  253  97  24  2  2  0  0  
0  0  1  15  68  352  1045  2502  4559  6612  7978  8734  9133  9040  9117  9004  8756  8583  8144  7902  7214  6788  6550  6174  6038  5948  5972  6255  6577  6982  7342  7741  8034  8435  8336  8637  8466  8340  8322  7537  6291  4320  2462  1106  326  70  16  2  0  0  
0  2  4  58  235  1045  3334  7764  14159  20274  24713  26873  27907  28366  28088  27848  27265  26638  25317  23937  22459  21268  19898  19178  18535  18363  18874  19460  20280  21518  22850  24161  24967  26045  26328  26675  26515  26327  25266  23371  19447  13504  7595  3348  1162  258  41  7  1  0  
0  1  5  95  619  2502  7764  18062  32571  46994  57102  62602  64869  65091  64689  64232  63553  61111  58837  55351  51926  48846  45936  43928  43192  43025  43515  44836  47172  49729  53388  55608  58002  59999  60907  61631  61930  60481  58900  54023  44708  31427  17722  7602  2550  637  116  12  2  0  
0  5  24  219  1080  4559  14159  32571  58572  83856  102853  111992  115805  116434  116678  114872  113033  109293  103977  98712  92719  87167  82553  78871  76492  76896  78417  80457  84582  90335  95211  100242  104365  107938  110044  109542  109722  109015  105691  96232  79783  56270  31737  13963  4552  1107  193  29  4  1  
1  3  36  270  1472  6612  20274  46994  83856  120958  147541  161312  166897  167513  167302  166409  162399  156601  151452  142093  133333  125484  119166  113385  110307  110480  111661  116132  121363  128867  136047  143607  149516  154792  157184  158291  158355  155924  150992  139999  115758  80606  45763  19908  6540  1591  256  29  1  0  
0  4  40  335  1800  7978  24713  57102  102853  147541  180322  196391  202571  204459  202957  202019  196864  191829  183316  173324  162977  152297  144506  138429  134681  134739  135893  142014  147938  157443  165986  175383  182432  188419  191403  193219  192279  190004  184454  169585  139779  98434  55488  24353  8135  1989  339  53  2  0  
0  5  40  362  2043  8734  26873  62602  111992  161312  196391  213072  221024  222699  222143  220368  215289  208092  200005  189106  178123  167207  158354  151237  147191  147027  148897  154948  162204  171171  181813  191971  199069  204507  208686  209267  209707  206744  201804  185627  153148  107754  60719  26415  8701  2160  340  61  1  0  
1  6  48  347  2033  9133  27907  64869  115805  166897  202571  221024  227624  229501  229488  227073  222854  216368  206569  195404  183927  173066  163738  156134  151675  151915  154459  160611  167269  177595  188023  197215  206670  212453  215936  218721  217980  216048  209138  192279  158697  111661  63030  27491  8810  2243  371  55  6  1  
1  5  31  398  2151  9040  28366  65091  116434  167513  204459  222699  229501  231830  230283  229355  225140  218036  208679  197466  185697  174521  164878  157642  153385  152939  155408  161576  169720  179281  189645  199828  207923  214699  218391  219835  220890  218551  211096  193861  159490  112726  64137  27752  9071  2297  395  43  2  1  
1  8  49  367  2162  9117  28088  64689  116678  167302  202957  222143  229488  230283  231272  228397  224902  217165  208104  196850  185660  174533  164902  157635  153227  153580  155585  161152  169109  178937  190101  199822  208400  215287  218275  220159  220194  218859  211354  194163  160688  112674  63670  27751  9156  2218  374  54  5  0  
2  5  44  363  2155  9004  27848  64232  114872  166409  202019  220368  227073  229355  228397  226462  223191  215797  206296  195229  183898  173410  163258  156147  152131  152041  153966  159941  168369  177747  188956  199377  207842  213192  217013  218244  219812  217147  210115  193496  159813  112197  63676  27792  8997  2275  406  42  5  0  
3  0  44  386  2084  8756  27265  63553  113033  162399  196864  215289  222854  225140  224902  223191  217584  210910  202981  192273  179827  169220  159678  153283  149347  148222  151270  157456  164717  174966  185367  194896  203731  210838  212797  215017  215485  212730  207430  189836  156286  110268  62009  27408  8973  2184  421  43  2  0  
0  8  38  326  2073  8583  26638  61111  109293  156601  191829  208092  216368  218036  217165  215797  210910  204470  196260  185484  174477  163934  155301  148754  144258  144448  146994  153108  160412  170098  179556  190058  197035  203997  207928  209328  209979  207745  201671  184552  152235  107200  61055  26310  8647  2011  379  58  5  0  
0  6  56  347  1918  8144  25317  58837  103977  151452  183316  200005  206569  208679  208104  206296  202981  196260  188650  177881  167415  156007  147663  142200  138989  138273  141136  146759  153815  163361  172339  182819  189965  195351  199626  200557  201450  200257  192794  177696  146124  103048  58477  25714  8371  2094  342  49  5  0  
1  5  46  306  1892  7902  23937  55351  98712  142093  173324  189106  195404  197466  196850  195229  192273  185484  177881  167890  157980  148209  140689  134964  131701  131790  133896  139393  146552  154767  164555  172887  180435  186311  189808  191763  191116  189748  183806  167980  139314  98270  54808  24530  7795  1973  361  42  8  0  
2  5  44  295  1666  7214  22459  51926  92719  133333  162977  178123  183927  185697  185660  183898  179827  174477  167415  157980  149050  139490  132418  126787  124005  123723  126903  131411  138482  146156  155726  163650  171968  176625  178723  180772  181120  179396  173588  159492  132105  93182  51980  23016  7611  1821  308  61  5  1  
0  5  22  313  1596  6788  21268  48846  87167  125484  152297  167207  173066  174521  174533  173410  169220  163934  156007  148209  139490  131740  124897  120564  117295  117620  119328  124302  129899  138295  146481  155244  162166  167197  169563  171250  170959  169065  164834  150808  124041  87980  49956  21711  7205  1765  301  43  5  0  
0  5  26  264  1435  6550  19898  45936  82553  119166  144506  158354  163738  164878  164902  163258  159678  155301  147663  140689  132418  124897  118610  114028  111043  111063  113239  117642  124568  131986  139090  147186  154222  157682  160388  162351  161777  161015  156801  143735  118804  83496  47409  20678  6687  1705  285  38  5  1  
1  3  25  262  1451  6174  19178  43928  78871  113385  138429  151237  156134  157642  157635  156147  153283  148754  142200  134964  126787  120564  114028  108474  106710  106644  109426  113235  118922  127433  134968  141415  147612  153426  155078  156075  156323  155378  150866  139140  114470  80868  45410  19858  6483  1617  274  33  4  0  
0  2  37  262  1420  6038  18535  43192  76492  110307  134681  147191  151675  153385  153227  152131  149347  144258  138989  131701  124005  117295  111043  106710  104084  104539  106511  110799  116318  123652  132073  138956  145866  149447  152390  153631  154155  152484  147999  135834  111901  79431  44858  19453  6474  1573  288  37  3  0  
1  3  34  293  1406  5948  18363  43025  76896  110480  134739  147027  151915  152939  153580  152041  148222  144448  138273  131790  123723  117620  111063  106644  104539  104268  106320  111265  116948  124701  131750  139306  146051  150631  152746  154735  155240  152925  148528  135998  112391  79244  45058  19565  6473  1609  251  34  8  0  
0  5  32  237  1484  5972  18874  43515  78417  111661  135893  148897  154459  155408  155585  153966  151270  146994  141136  133896  126903  119328  113239  109426  106511  106320  109064  113831  120553  127642  135814  143907  149906  154295  157142  158183  157889  157310  152385  139938  115413  81538  46303  20093  6495  1612  265  36  2  1  
0  0  24  240  1525  6255  19460  44836  80457  116132  142014  154948  160611  161576  161152  159941  157456  153108  146759  139393  131411  124302  117642  113235  110799  111265  113831  118756  125234  133010  141565  150037  156498  161342  163747  165115  165635  163677  158698  145838  121359  84360  48112  20906  6794  1675  287  50  4  0  
1  1  26  279  1565  6577  20280  47172  84582  121363  147938  162204  167269  169720  169109  168369  164717  160412  153815  146552  138482  129899  124568  118922  116318  116948  120553  125234  132548  140064  150642  158657  164782  170777  173517  174684  174266  172604  167629  154781  127742  89928  50931  22346  7474  1758  325  35  1  0  
0  2  41  261  1600  6982  21518  49729  90335  128867  157443  171171  177595  179281  178937  177747  174966  170098  163361  154767  146156  138295  131986  127433  123652  124701  127642  133010  140064  150088  159884  168672  176372  181755  185011  185634  186352  184598  179319  164330  135320  95801  53758  23581  7707  1901  362  38  4  0  
0  4  39  329  1721  7342  22850  53388  95211  136047  165986  181813  188023  189645  190101  188956  185367  179556  172339  164555  155726  146481  139090  134968  132073  131750  135814  141565  150642  159884  170754  179452  187121  192299  196886  197912  198445  196950  190093  175877  144908  101467  57601  25182  8419  1927  344  38  5  0  
0  2  45  294  1820  7741  24161  55608  100242  143607  175383  191971  197215  199828  199822  199377  194896  190058  182819  172887  163650  155244  147186  141415  138956  139306  143907  150037  158657  168672  179452  189564  198426  204545  207378  209782  210088  208698  201867  185471  152812  107988  61087  26717  8778  2167  369  43  5  1  
0  5  32  329  1981  8034  24967  58002  104365  149516  182432  199069  206670  207923  208400  207842  203731  197035  189965  180435  171968  162166  154222  147612  145866  146051  149906  156498  164782  176372  187121  198426  206702  212903  217713  219235  219195  217548  210669  193986  160658  112924  63951  28146  9157  2249  371  44  5  1  
0  4  39  369  1971  8435  26045  59999  107938  154792  188419  204507  212453  214699  215287  213192  210838  203997  195351  186311  176625  167197  157682  153426  149447  150631  154295  161342  170777  181755  192299  204545  212903  221422  224567  226839  227198  225086  218732  199993  166194  116440  65682  29083  9494  2247  403  48  1  0  
0  2  41  356  2080  8336  26328  60907  110044  157184  191403  208686  215936  218391  218275  217013  212797  207928  199626  189808  178723  169563  160388  155078  152390  152746  157142  163747  173517  185011  196886  207378  217713  224567  228654  230626  231424  229660  222603  204039  169133  119106  67264  29523  9461  2326  454  51  5  1  
0  5  44  372  2009  8637  26675  61631  109542  158291  193219  209267  218721  219835  220159  218244  215017  209328  200557  191763  180772  171250  162351  156075  153631  154735  158183  165115  174684  185634  197912  209782  219235  226839  230626  232664  231894  232631  224789  206727  169532  119160  67983  29484  9761  2422  459  36  7  0  
0  4  52  351  2056  8466  26515  61930  109722  158355  192279  209707  217980  220890  220194  219812  215485  209979  201450  191116  181120  170959  161777  156323  154155  155240  157889  165635  174266  186352  198445  210088  219195  227198  231424  231894  234666  232499  225692  207108  171585  120350  68164  29858  9698  2409  414  51  7  1  
0  8  31  357  1900  8340  26327  60481  109015  155924  190004  206744  216048  218551  218859  217147  212730  207745  200257  189748  179396  169065  161015  155378  152484  152925  157310  163677  172604  184598  196950  208698  217548  225086  229660  232631  232499  230588  223844  204950  169792  119377  67809  29688  9731  2404  371  57  7  1  
0  1  37  336  1926  8322  25266  58900  105691  150992  184454  201804  209138  211096  211354  210115  207430  201671  192794  183806  173588  164834  156801  150866  147999  148528  152385  158698  167629  179319  190093  201867  210669  218732  222603  224789  225692  223844  216138  199139  164303  115472  65513  28609  9433  2374  431  51  2  1  
1  2  33  291  1830  7537  23371  54023  96232  139999  169585  185627  192279  193861  194163  193496  189836  184552  177696  167980  159492  150808  143735  139140  135834  135998  139938  145838  154781  164330  175877  185471  193986  199993  204039  206727  207108  204950  199139  183460  150710  106049  59753  26502  8675  2131  392  51  2  0  
0  1  32  246  1471  6291  19447  44708  79783  115758  139779  153148  158697  159490  160688  159813  156286  152235  146124  139314  132105  124041  118804  114470  111901  112391  115413  121359  127742  135320  144908  152812  160658  166194  169133  169532  171585  169792  164303  150710  124572  87728  49641  21773  7115  1667  309  40  2  0  
0  3  24  175  1013  4320  13504  31427  56270  80606  98434  107754  111661  112726  112674  112197  110268  107200  103048  98270  93182  87980  83496  80868  79431  79244  81538  84360  89928  95801  101467  107988  112924  116440  119106  119160  120350  119377  115472  106049  87728  61610  35310  15467  5098  1211  250  25  3  0  
0  1  11  102  626  2462  7595  17722  31737  45763  55488  60719  63030  64137  63670  63676  62009  61055  58477  54808  51980  49956  47409  45410  44858  45058  46303  48112  50931  53758  57601  61087  63951  65682  67264  67983  68164  67809  65513  59753  49641  35310  19774  8800  2890  646  117  18  2  0  
0  2  5  39  253  1106  3348  7602  13963  19908  24353  26415  27491  27752  27751  27792  27408  26310  25714  24530  23016  21711  20678  19858  19453  19565  20093  20906  22346  23581  25182  26717  28146  29083  29523  29484  29858  29688  28609  26502  21773  15467  8800  4038  1249  323  49  6  1  0  
0  0  0  15  97  326  1162  2550  4552  6540  8135  8701  8810  9071  9156  8997  8973  8647  8371  7795  7611  7205  6687  6483  6474  6473  6495  6794  7474  7707  8419  8778  9157  9494  9461  9761  9698  9731  9433  8675  7115  5098  2890  1249  424  103  14  3  2  0  
0  0  0  1  24  70  258  637  1107  1591  1989  2160  2243  2297  2218  2275  2184  2011  2094  1973  1821  1765  1705  1617  1573  1609  1612  1675  1758  1901  1927  2167  2249  2247  2326  2422  2409  2404  2374  2131  1667  1211  646  323  103  46  3  0  0  0  
0  0  0  2  2  16  41  116  193  256  339  340  371  395  374  406  421  379  342  361  308  301  285  274  288  251  265  287  325  362  344  369  371  403  454  459  414  371  431  392  309  250  117  49  14  3  2  0  0  0  
0  0  0  0  2  2  7  12  29  29  53  61  55  43  54  42  43  58  49  42  61  43  38  33  37  34  36  50  35  38  38  43  44  48  51  36  51  57  51  51  40  25  18  6  3  0  0  0  0  0  
0  0  0  0  0  0  1  2  4  1  2  1  6  2  5  5  2  5  5  8  5  5  5  4  3  8  2  4  1  4  5  5  5  1  5  7  7  7  2  2  2  3  2  1  2  0  0  0  0  0  
0  0  0  0  0  0  0  0  1  0  0  0  1  1  0  0  0  0  0  0  1  0  1  0  0  0  1  0  0  0  0  1  1  0  1  0  1  1  1  0  0  0  0  0  0  0  0  0  0  0  
