0  0  0  0  0  0  0  1  1  2  0  0  1  2  0  0  0  1  0  0  0  0  1  0  0  0  1  2  1  0  0  0  0  0  0  0  2  1  0  0  0  0  0  0  0  0  0  0  0  0  
0  0  0  0  0  2  1  7  11  16  9  9  6  5  6  5  3  2  6  6  5  7  4  7  5  4  3  5  1  3  0  0  0  0  0  0  0  0  0  0  0  0  0  0  0  0  0  0  0  0  
0  0  0  0  1  3  25  51  94  129  159  117  113  97  83  78  77  53  50  61  27  20  16  9  10  4  2  1  1  0  1  0  0  0  0  0  0  0  0  0  0  0  0  0  0  0  0  0  0  0  
0  0  0  2  17  76  296  560  977  1275  1499  1391  1199  984  773  597  440  300  197  117  90  38  25  8  3  3  0  1  0  0  0  0  0  0  0  0  0  0  0  0  0  0  0  0  0  0  0  0  0  0  
0  0  1  17  98  548  1722  3904  6777  9172  9637  8568  7014  5193  3653  2317  1371  823  463  255  95  62  27  8  6  1  0  0  0  0  0  0  0  0  0  0  0  0  0  0  0  0  0  0  0  0  0  0  0  0  
0  2  3  76  548  2458  8026  18026  30978  40692  43083  37572  29274  20603  13535  7973  4525  2336  1199  559  225  84  33  8  8  2  0  0  0  0  0  0  0  0  0  0  0  0  0  0  0  0  0  0  0  0  0  0  0  0  
0  1  25  296  1722  8026  24820  57295  96957  127032  133365  116929  90009  63429  40919  24304  13630  6851  3517  1424  621  214  78  42  8  10  4  1  0  1  0  0  0  0  0  0  0  0  0  0  0  0  0  0  0  0  0  0  0  0  
1  7  51  560  3904  18026  57295  128768  219160  289303  305471  270404  211668  149668  98053  59101  33492  17678  8574  3921  1684  618  255  75  37  9  7  5  2  1  0  0  0  0  1  0  1  2  0  0  0  0  0  1  0  0  0  0  0  1  
1  11  94  977  6777  30978  96957  219160  376018  497786  534012  481559  385336  280814  189434  119481  70067  38382  19471  8992  3929  1624  638  235  60  29  5  4  1  1  0  0  0  0  0  0  0  0  1  2  0  0  0  0  0  0  0  0  0  0  
2  16  129  1275  9172  40692  127032  289303  497786  670100  734271  682664  567387  432660  305628  203860  126191  73276  39061  19548  8990  3897  1578  524  191  68  29  10  4  1  1  0  0  0  0  0  0  0  0  0  0  0  0  0  0  0  0  0  0  0  
0  9  159  1499  9637  43083  133365  305471  534012  734271  827090  805670  706432  571189  432969  307068  203827  126813  72744  39154  19538  8935  3793  1517  523  206  67  29  9  1  4  0  0  1  0  0  0  1  1  0  1  0  0  0  0  0  0  0  0  0  
0  9  117  1391  8568  37572  116929  270404  481559  682664  805670  827272  776799  675140  551687  422700  301440  200951  124013  71734  37731  18398  8444  3590  1412  524  207  75  18  8  1  1  0  0  1  0  0  0  0  0  0  1  0  0  0  0  0  0  0  0  
1  6  113  1199  7014  29274  90009  211668  385336  567387  706432  776799  783998  737455  649085  538963  414240  296439  197209  121885  69519  36589  18084  8231  3556  1424  566  186  56  21  9  2  0  0  0  0  0  0  0  0  1  0  0  0  0  0  0  0  0  0  
2  5  97  984  5193  20603  63429  149668  280814  432660  571189  675140  737455  749880  715279  638861  530165  406112  291089  192254  117508  67057  35425  17499  8019  3552  1393  523  220  59  23  9  5  1  0  0  0  0  0  0  0  0  0  0  0  0  0  0  0  0  
0  6  83  773  3653  13535  40919  98053  189434  305628  432969  551687  649085  715279  737434  707494  629090  522080  399116  283709  185635  113408  64047  34062  16914  7815  3426  1407  533  208  60  27  5  0  2  0  0  0  0  0  0  0  0  0  0  0  0  0  0  0  
0  5  78  597  2317  7973  24304  59101  119481  203860  307068  422700  538963  638861  707494  731336  698088  618718  509519  387311  272102  177692  108619  61819  32711  16391  7629  3415  1423  554  213  69  25  8  3  1  0  0  0  0  0  0  0  0  0  0  0  0  0  0  
0  3  77  440  1371  4525  13630  33492  70067  126191  203827  301440  414240  530165  629090  698088  715920  682003  600623  488838  368865  258941  168869  102998  58912  31494  15908  7498  3380  1467  565  203  80  16  5  1  1  0  0  0  0  0  0  0  0  0  0  0  0  1  
1  2  53  300  823  2336  6851  17678  38382  73276  126813  200951  296439  406112  522080  618718  682003  695084  654768  569613  463694  347925  243923  159850  97320  56297  30890  15402  7461  3316  1456  539  173  68  25  4  2  0  0  0  0  1  0  0  0  0  0  0  0  1  
0  6  50  197  463  1199  3517  8574  19471  39061  72744  124013  197209  291089  399116  509519  600623  654768  662224  618960  535756  432924  325245  228598  150563  93318  54362  29417  15330  7471  3459  1396  585  190  61  20  2  2  0  0  0  1  1  1  0  0  0  0  1  0  
0  6  61  117  255  559  1424  3921  8992  19548  39154  71734  121885  192254  283709  387311  488838  569613  618960  620146  575890  499746  401830  303363  214523  144035  88949  52464  29151  15153  7428  3312  1427  555  200  76  18  4  1  2  2  0  0  1  0  0  0  0  0  1  
0  5  27  90  95  225  621  1684  3929  8990  19538  37731  69519  117508  185635  272102  368865  463694  535756  575890  575070  534652  463892  376909  286317  205447  138449  87368  51777  29246  15244  7324  3312  1472  565  197  52  17  5  3  0  3  0  0  0  0  0  0  2  0  
0  7  20  38  62  84  214  618  1624  3897  8935  18398  36589  67057  113408  177692  258941  347925  432924  499746  534652  533778  497938  434916  355067  274373  198802  134533  86533  51834  29034  15208  7446  3343  1395  545  209  68  20  11  5  2  2  1  0  0  0  0  4  0  
1  4  16  25  27  33  78  255  638  1578  3793  8444  18084  35425  64047  108619  168869  243923  325245  401830  463892  497938  498512  467714  413424  342393  266764  196593  135215  87230  52884  29888  15216  7552  3386  1331  515  182  52  15  4  6  2  2  1  0  1  2  2  0  
0  7  9  8  8  8  42  75  235  524  1517  3590  8231  17499  34062  61819  102998  159850  228598  303363  376909  434916  467714  473878  448815  401435  338215  267622  198045  137644  89636  54109  30426  16068  7758  3374  1370  541  207  66  13  8  6  1  0  0  2  3  2  0  
0  5  10  3  6  8  8  37  60  191  523  1412  3556  8019  16914  32711  58912  97320  150563  214523  286317  355067  413424  448815  460080  443400  400093  342305  272678  203762  143291  92955  56506  31873  15838  7759  3509  1426  522  183  57  21  9  2  3  0  0  4  2  1  
0  4  4  3  1  2  10  9  29  68  206  524  1424  3552  7815  16391  31494  56297  93318  144035  205447  274373  342393  401435  443400  461458  449494  411472  354728  286046  215367  149820  97978  59057  32865  16845  7878  3506  1458  523  200  75  27  9  7  0  4  8  1  0  
1  3  2  0  0  0  4  7  5  29  67  207  566  1393  3426  7629  15908  30890  54362  88949  138449  198802  266764  338215  400093  449494  473586  467440  432798  377024  304101  228198  159222  103534  61934  34078  17462  8337  3646  1483  570  218  81  28  14  5  7  12  5  0  
2  5  1  1  0  0  1  5  4  10  29  75  186  523  1407  3415  7498  15402  29417  52464  87368  134533  196593  267622  342305  411472  467440  497652  498078  464147  402473  325791  243781  169560  108820  64499  35653  18098  8430  3772  1539  579  219  107  38  14  18  22  8  0  
1  1  1  0  0  0  0  2  1  4  9  18  56  220  533  1423  3380  7461  15330  29151  51777  86533  135215  198045  272678  354728  432798  498078  531196  532213  498091  431367  348394  259496  178491  113987  66972  36551  18666  8855  3973  1610  628  218  98  53  39  28  6  0  
0  3  0  0  0  0  1  1  1  1  1  8  21  59  208  554  1467  3316  7471  15153  29246  51834  87230  137644  203762  286046  377024  464147  532213  573864  575690  537137  463167  369553  273375  186665  118626  69605  38072  19177  9140  3952  1609  618  242  107  73  45  11  1  
0  0  1  0  0  0  0  0  0  1  4  1  9  23  60  213  565  1456  3459  7428  15244  29034  52884  89636  143291  215367  304101  402473  498091  575690  620784  619537  574069  491581  387878  283712  193310  121496  71661  38793  19695  9049  3902  1479  537  248  134  54  10  0  
0  0  0  0  0  0  0  0  0  0  0  1  2  9  27  69  203  539  1396  3312  7324  15208  29888  54109  92955  149820  228198  325791  431367  537137  619537  667134  657670  604345  511629  401314  292848  197611  124810  73601  38890  19385  8661  3356  1163  456  229  74  5  0  
0  0  0  0  0  0  0  0  0  0  0  0  0  5  5  25  80  173  585  1427  3312  7446  15216  30426  56506  97978  159222  243781  348394  463167  574069  657670  697992  686445  621199  523489  410355  298342  202193  127585  73438  38366  17561  7045  2504  834  314  70  5  0  
0  0  0  0  0  0  0  0  0  0  1  0  0  1  0  8  16  68  190  555  1472  3343  7552  16068  31873  59057  103534  169560  259496  369553  491581  604345  686445  719352  701568  633027  533348  416626  304524  205645  126542  70758  34352  13754  4743  1506  483  92  4  0  
0  0  0  0  0  0  0  1  0  0  0  1  0  0  2  3  5  25  61  200  565  1395  3386  7758  15838  32865  61934  108820  178491  273375  387878  511629  621199  701568  731104  709958  641802  539445  424301  308542  204759  120477  60302  24898  8501  2514  649  115  4  0  
0  0  0  0  0  0  0  0  0  0  0  0  0  0  0  1  1  4  20  76  197  545  1331  3374  7759  16845  34078  64499  113987  186665  283712  401314  523489  633027  709958  739472  717805  652065  553753  433948  308244  191692  99444  41889  13704  3879  852  101  4  0  
2  0  0  0  0  0  0  1  0  0  0  0  0  0  0  0  1  2  2  18  52  209  515  1370  3509  7878  17462  35653  66972  118626  193310  292848  410355  533348  641802  717805  754466  738063  678808  572780  434125  283864  153027  65431  21701  5722  1002  123  5  1  
1  0  0  0  0  0  0  2  0  0  1  0  0  0  0  0  0  0  2  4  17  68  182  541  1426  3506  8337  18098  36551  69605  121496  197611  298342  416626  539445  652065  738063  785138  777532  710624  571345  391966  217658  94119  30971  7620  1348  105  10  1  
0  0  0  0  0  0  0  0  1  0  1  0  0  0  0  0  0  0  0  1  5  20  52  207  522  1458  3646  8430  18666  38072  71661  124810  202193  304524  424301  553753  678808  777532  830826  810230  689990  492247  279912  122520  39813  9659  1551  168  16  1  
0  0  0  0  0  0  0  0  2  0  0  0  0  0  0  0  0  0  0  2  3  11  15  66  183  523  1483  3772  8855  19177  38793  73601  127585  205645  308542  433948  572780  710624  810230  835586  743273  546315  317365  140663  45784  10739  1621  151  13  2  
0  0  0  0  0  0  0  0  0  0  1  0  1  0  0  0  0  0  0  2  0  5  4  13  57  200  570  1539  3973  9140  19695  38890  73438  126542  204759  308244  434125  571345  689990  743273  683580  515689  303633  134894  43820  10231  1536  156  13  0  
0  0  0  0  0  0  0  0  0  0  0  1  0  0  0  0  0  1  1  0  3  2  6  8  21  75  218  579  1610  3952  9049  19385  38366  70758  120477  191692  283864  391966  492247  546315  515689  394618  234217  104031  34259  7866  1065  113  7  1  
0  0  0  0  0  0  0  0  0  0  0  0  0  0  0  0  0  0  1  0  0  2  2  6  9  27  81  219  628  1609  3902  8661  17561  34352  60302  99444  153027  217658  279912  317365  303633  234217  138474  62553  20002  4482  683  59  5  0  
0  0  0  0  0  0  0  1  0  0  0  0  0  0  0  0  0  0  1  1  0  1  2  1  2  9  28  107  218  618  1479  3356  7045  13754  24898  41889  65431  94119  122520  140663  134894  104031  62553  28158  9246  2072  319  33  1  0  
0  0  0  0  0  0  0  0  0  0  0  0  0  0  0  0  0  0  0  0  0  0  1  0  3  7  14  38  98  242  537  1163  2504  4743  8501  13704  21701  30971  39813  45784  43820  34259  20002  9246  2890  655  102  8  0  0  
0  0  0  0  0  0  0  0  0  0  0  0  0  0  0  0  0  0  0  0  0  0  0  0  0  0  5  14  53  107  248  456  834  1506  2514  3879  5722  7620  9659  10739  10231  7866  4482  2072  655  142  19  1  0  0  
0  0  0  0  0  0  0  0  0  0  0  0  0  0  0  0  0  0  0  0  0  0  1  2  0  4  7  18  39  73  134  229  314  483  649  852  1002  1348  1551  1621  1536  1065  683  319  102  19  0  1  0  0  
0  0  0  0  0  0  0  0  0  0  0  0  0  0  0  0  0  0  0  0  0  0  2  3  4  8  12  22  28  45  54  74  70  92  115  101  123  105  168  151  156  113  59  33  8  1  1  0  0  0  
0  0  0  0  0  0  0  0  0  0  0  0  0  0  0  0  0  0  1  0  2  4  2  2  2  1  5  8  6  11  10  5  5  4  4  4  5  10  16  13  13  7  5  1  0  0  0  0  0  0  
0  0  0  0  0  0  0  1  0  0  0  0  0  0  0  0  1  1  0  1  0  0  0  0  1  0  0  0  0  1  0  0  0  0  0  0  1  1  1  2  0  1  0  0  0  0  0  0  0  0  
