0  0  0  0  0  0  0  0  2  0  0  0  2  0  0  0  1  1  0  0  1  0  0  0  1  1  0  1  0  1  1  0  1  2  0  0  1  0  0  0  0  0  0  0  0  0  0  0  0  0  
0  0  0  0  0  0  0  6  4  9  5  7  13  4  13  11  4  2  6  5  5  6  5  3  3  3  1  3  2  1  3  3  2  2  1  1  1  1  2  0  0  0  1  0  0  0  0  0  0  0  
0  0  0  0  0  6  7  28  41  58  80  67  96  80  69  86  63  84  68  50  41  47  49  33  34  31  16  23  11  19  19  12  9  14  5  1  9  9  2  5  6  2  1  0  0  1  0  0  0  0  
0  0  0  0  5  28  102  223  377  541  674  756  705  738  662  675  610  589  520  468  406  365  292  253  215  186  202  172  148  146  117  115  112  102  78  59  55  53  28  35  25  16  11  3  1  0  0  0  0  0  
0  0  0  5  42  155  574  1261  2161  3196  3843  4108  4166  4117  4054  3865  3604  3250  3104  2743  2364  2020  1775  1513  1330  1151  966  903  807  700  663  551  535  411  388  296  283  228  176  142  110  87  57  21  3  3  1  0  0  0  
0  0  6  28  155  716  2327  5417  9632  13749  16509  17866  18053  17498  17212  16271  15292  14070  12853  11517  9799  8661  7476  6358  5439  4703  4182  3678  3232  2951  2595  2427  2012  1759  1564  1244  1116  935  802  637  495  322  166  69  31  4  0  0  0  0  
0  0  7  102  574  2327  7202  16735  29739  42391  51116  54739  55393  54985  52727  50111  47831  43897  39808  35527  31199  26933  23170  19952  17064  14669  12895  11407  10145  9229  8205  7316  6311  5407  4586  3997  3254  2800  2373  1936  1539  1040  556  224  82  25  3  1  1  0  
0  6  28  223  1261  5417  16735  37960  68785  98340  118117  126972  128354  126527  121805  117061  109290  101770  91996  81928  71833  61924  53573  46060  39636  34255  30135  26481  23703  21114  18992  16978  14585  12809  10846  9275  7780  6676  5680  4674  3642  2435  1311  598  178  44  9  2  0  0  
2  4  41  377  2161  9632  29739  68785  122246  174592  210597  226832  228553  225008  218769  208283  196705  182082  165516  147040  129232  111588  95634  82585  70905  61615  53766  48049  42176  38532  34375  30248  26738  23094  19973  16747  14616  12265  10413  8617  6532  4279  2503  949  332  88  14  4  0  0  
0  9  58  541  3196  13749  42391  98340  174592  249500  300794  322642  328362  323367  313149  299680  282384  261707  236516  210764  184944  161206  138881  119458  102392  89603  77902  69394  62546  55708  49559  44472  38738  33931  29532  25190  21449  18316  15572  12814  9640  6569  3518  1567  541  134  25  2  0  0  
0  5  80  674  3843  16509  51116  118117  210597  300794  361838  391215  396279  390818  378701  362481  341361  317181  288341  256174  225937  195716  168762  145483  126018  110324  96300  86278  77734  69880  63002  56109  50083  43631  37294  32253  27623  23841  20413  16845  13015  8791  4774  2011  624  184  26  8  1  0  
0  7  67  756  4108  17866  54739  126972  226832  322642  391215  421180  426231  420263  409980  392309  369747  343301  312317  279394  246436  214603  185697  160550  139670  122344  108682  96352  87315  79066  71629  64266  57097  50269  43763  37948  32732  28397  24283  20345  15618  10678  5737  2568  795  215  33  9  0  1  
2  13  96  705  4166  18053  55393  128354  228553  328362  396279  426231  434172  428593  417247  402744  379892  351847  322323  289307  255176  223587  193781  168665  146985  128941  114800  103565  94709  85837  77951  70550  63271  56392  49449  42826  37679  32606  28198  23526  18334  12322  7019  2998  952  258  37  6  1  0  
0  4  80  738  4117  17498  54985  126527  225008  323367  390818  420263  428593  422380  412666  397969  377358  352091  323137  289868  256957  226092  196986  172323  151253  134624  120273  109074  99681  91347  84654  76847  69449  62386  54831  48528  42323  37439  32758  27513  21490  14793  8053  3541  1118  295  64  9  0  0  
0  13  69  662  4054  17212  52727  121805  218769  313149  378701  409980  417247  412666  402962  389252  371780  346703  319823  287417  256250  226317  198627  173836  154592  137646  124537  114133  104907  97412  90690  82783  76089  68870  61709  54833  48446  42956  37738  32191  25325  17176  9430  4186  1451  366  68  11  4  0  
0  11  86  675  3865  16271  50111  117061  208283  299680  362481  392309  402744  397969  389252  378516  359809  339125  312688  283428  254614  226242  198777  176203  157126  141423  128680  119430  109947  103314  97154  90353  82668  75826  68584  61506  55172  49469  43891  37558  29506  20386  11190  4901  1680  397  69  12  1  1  
1  4  63  610  3604  15292  47831  109290  196705  282384  341361  369747  379892  377358  371780  359809  346722  325255  301756  275903  247580  220733  196136  175856  157052  143172  131657  122891  115153  109604  102835  96714  90230  83232  76239  68365  61737  55900  50169  43639  34173  23507  13242  5616  1839  482  94  15  1  0  
1  2  84  589  3250  14070  43897  101770  182082  261707  317181  343301  351847  352091  346703  339125  325255  310626  288254  264167  238438  213946  192012  172260  156335  144070  133276  124711  118893  113866  108807  102633  97185  90088  82344  75718  69250  63014  57361  49285  39554  27120  14996  6606  2155  555  128  17  2  0  
0  6  68  520  3104  12853  39808  91996  165516  236516  288341  312317  322323  323137  319823  312688  301756  288254  269942  248650  226917  205317  185404  168129  152676  141805  132689  126834  121152  116999  113091  108741  103456  96907  89871  82886  76969  70224  63805  56344  44976  30776  17254  7414  2469  634  115  27  4  0  
0  5  50  468  2743  11517  35527  81928  147040  210764  256174  279394  289307  289868  287417  283428  275903  264167  248650  231586  211996  193406  176374  160694  148557  138682  132381  126963  123151  119317  116663  112894  108205  102832  96325  89901  83669  77652  71145  62981  50389  34702  19399  8670  2925  646  137  22  2  1  
1  5  41  406  2364  9799  31199  71833  129232  184944  225937  246436  255176  256957  256250  254614  247580  238438  226917  211996  196624  180029  165519  152950  141890  134510  129244  125783  123130  121535  119710  118391  113734  108905  103568  97884  90749  85512  79252  69863  56258  38880  21735  9351  3097  827  147  20  4  0  
0  6  47  365  2020  8661  26933  61924  111588  161206  195716  214603  223587  226092  226317  226242  220733  213946  205317  193406  180029  167968  155314  143748  134961  130072  127209  124763  123525  123721  122860  121515  119267  115161  110487  104784  99670  93894  86993  77783  62806  43081  24343  10761  3447  871  134  22  0  0  
0  5  49  292  1775  7476  23170  53573  95634  138881  168762  185697  193781  196986  198627  198777  196136  192012  185404  176374  165519  155314  143972  136831  130055  126193  124286  124443  124286  125859  126528  126498  124989  122469  118582  113583  108914  103502  96888  86628  69869  48698  27497  11882  3787  945  187  30  5  0  
0  3  33  253  1513  6358  19952  46060  82585  119458  145483  160550  168665  172323  173836  176203  175856  172260  168129  160694  152950  143748  136831  129236  125357  123705  123178  123587  126312  129440  132266  133398  133488  131530  128530  124270  120053  114531  107560  96784  78431  54971  31575  13548  4440  1069  193  25  5  1  
1  3  34  215  1330  5439  17064  39636  70905  102392  126018  139670  146985  151253  154592  157126  157052  156335  152676  148557  141890  134961  130055  125357  122690  121912  123385  126367  130098  134349  138634  141946  143027  142791  140848  136624  133078  128292  121530  109891  89437  62806  35308  15601  5069  1220  207  25  2  0  
1  3  31  186  1151  4703  14669  34255  61615  89603  110324  122344  128941  134624  137646  141423  143172  144070  141805  138682  134510  130072  126193  123705  121912  123028  125541  130428  136416  142456  148389  152633  155348  157566  156108  154050  150982  145848  139266  126292  102814  72372  40520  17765  5880  1426  265  27  0  0  
0  1  16  202  966  4182  12895  30135  53766  77902  96300  108682  114800  120273  124537  128680  131657  133276  132689  132381  129244  127209  124286  123178  123385  125541  130090  136656  143619  152021  160116  167905  171958  175377  175378  173735  172209  167202  160109  146507  119888  83509  47320  20542  6738  1661  295  27  3  0  
1  3  23  172  903  3678  11407  26481  48049  69394  86278  96352  103565  109074  114133  119430  122891  124711  126834  126963  125783  124763  124443  123587  126367  130428  136656  145326  154151  164508  175456  184750  191740  196777  197826  197915  196642  193082  185540  169069  139080  97282  55108  24116  7993  1925  367  48  5  1  
0  2  11  148  807  3232  10145  23703  42176  62546  77734  87315  94709  99681  104907  109947  115153  118893  121152  123151  123130  123525  124286  126312  130098  136416  143619  154151  165982  179300  192012  204275  214474  220457  224688  225369  224780  221589  214375  195757  161399  113164  63713  28095  9314  2250  370  59  4  0  
1  1  19  146  700  2951  9229  21114  38532  55708  69880  79066  85837  91347  97412  103314  109604  113866  116999  119317  121535  123721  125859  129440  134349  142456  152021  164508  179300  195510  210622  226543  238954  248695  253514  256269  256069  253592  245937  226100  186412  131226  74156  32500  10658  2614  476  55  4  0  
1  3  19  117  663  2595  8205  18992  34375  49559  63002  71629  77951  84654  90690  97154  102835  108807  113091  116663  119710  122860  126528  132266  138634  148389  160116  175456  192012  210622  230030  249598  264455  276893  283323  288034  289434  287618  280534  257821  212731  150881  85133  37072  12219  3028  485  65  5  0  
0  3  12  115  551  2427  7316  16978  30248  44472  56109  64266  70550  76847  82783  90353  96714  102633  108741  112894  118391  121515  126498  133398  141946  152633  167905  184750  204275  226543  249598  271180  289215  301997  313818  319299  322564  322405  314076  288988  239886  169756  96048  41751  13666  3292  593  70  3  0  
1  2  9  112  535  2012  6311  14585  26738  38738  50083  57097  63271  69449  76089  82668  90230  97185  103456  108205  113734  119267  124989  133488  143027  155348  171958  191740  214474  238954  264455  289215  309500  326756  339854  347796  353818  354008  346090  319212  265353  185749  105866  46355  15081  3590  674  82  7  0  
2  2  14  102  411  1759  5407  12809  23094  33931  43631  50269  56392  62386  68870  75826  83232  90088  96907  102832  108905  115161  122469  131530  142791  157566  175377  196777  220457  248695  276893  301997  326756  348004  361606  372541  380921  382446  372177  345500  285981  202173  114681  50428  16387  4086  676  87  4  1  
0  1  5  78  388  1564  4586  10846  19973  29532  37294  43763  49449  54831  61709  68584  76239  82344  89871  96325  103568  110487  118582  128530  140848  156108  175378  197826  224688  253514  283323  313818  339854  361606  379648  391618  399759  401884  394871  365705  303310  213890  122260  53338  17545  4164  749  103  11  0  
0  1  1  59  296  1244  3997  9275  16747  25190  32253  37948  42826  48528  54833  61506  68365  75718  82886  89901  97884  104784  113583  124270  136624  154050  173735  197915  225369  256269  288034  319299  347796  372541  391618  406034  414710  419257  411702  382288  317481  224252  127067  55893  18287  4546  759  100  9  2  
1  1  9  55  283  1116  3254  7780  14616  21449  27623  32732  37679  42323  48446  55172  61737  69250  76969  83669  90749  99670  108914  120053  133078  150982  172209  196642  224780  256069  289434  322564  353818  380921  399759  414710  425790  431264  425376  394815  328209  233273  131174  57943  19098  4503  777  102  12  0  
0  1  9  53  228  935  2800  6676  12265  18316  23841  28397  32606  37439  42956  49469  55900  63014  70224  77652  85512  93894  103502  114531  128292  145848  167202  193082  221589  253592  287618  322405  354008  382446  401884  419257  431264  437360  432194  401420  335750  237179  134249  58805  19211  4663  768  101  11  0  
0  2  2  28  176  802  2373  5680  10413  15572  20413  24283  28198  32758  37738  43891  50169  57361  63805  71145  79252  86993  96888  107560  121530  139266  160109  185540  214375  245937  280534  314076  346090  372177  394871  411702  425376  432194  428450  395974  331801  234387  132643  58398  19078  4656  814  97  12  1  
0  0  5  35  142  637  1936  4674  8617  12814  16845  20345  23526  27513  32191  37558  43639  49285  56344  62981  69863  77783  86628  96784  109891  126292  146507  169069  195757  226100  257821  288988  319212  345500  365705  382288  394815  401420  395974  370778  309570  218959  124711  54620  17915  4434  783  89  8  1  
0  0  6  25  110  495  1539  3642  6532  9640  13015  15618  18334  21490  25325  29506  34173  39554  44976  50389  56258  62806  69869  78431  89437  102814  119888  139080  161399  186412  212731  239886  265353  285981  303310  317481  328209  335750  331801  309570  257914  182645  103280  45462  14723  3743  672  75  8  1  
0  0  2  16  87  322  1040  2435  4279  6569  8791  10678  12322  14793  17176  20386  23507  27120  30776  34702  38880  43081  48698  54971  62806  72372  83509  97282  113164  131226  150881  169756  185749  202173  213890  224252  233273  237179  234387  218959  182645  129188  73737  32009  10358  2552  432  51  1  0  
0  1  1  11  57  166  556  1311  2503  3518  4774  5737  7019  8053  9430  11190  13242  14996  17254  19399  21735  24343  27497  31575  35308  40520  47320  55108  63713  74156  85133  96048  105866  114681  122260  127067  131174  134249  132643  124711  103280  73737  41484  18192  6041  1532  256  25  3  1  
0  0  0  3  21  69  224  598  949  1567  2011  2568  2998  3541  4186  4901  5616  6606  7414  8670  9351  10761  11882  13548  15601  17765  20542  24116  28095  32500  37072  41751  46355  50428  53338  55893  57943  58805  58398  54620  45462  32009  18192  7860  2479  628  101  12  1  0  
0  0  0  1  3  31  82  178  332  541  624  795  952  1118  1451  1680  1839  2155  2469  2925  3097  3447  3787  4440  5069  5880  6738  7993  9314  10658  12219  13666  15081  16387  17545  18287  19098  19211  19078  17915  14723  10358  6041  2479  876  195  44  3  1  0  
0  0  1  0  3  4  25  44  88  134  184  215  258  295  366  397  482  555  634  646  827  871  945  1069  1220  1426  1661  1925  2250  2614  3028  3292  3590  4086  4164  4546  4503  4663  4656  4434  3743  2552  1532  628  195  66  4  3  0  0  
0  0  0  0  1  0  3  9  14  25  26  33  37  64  68  69  94  128  115  137  147  134  187  193  207  265  295  367  370  476  485  593  674  676  749  759  777  768  814  783  672  432  256  101  44  4  0  0  1  0  
0  0  0  0  0  0  1  2  4  2  8  9  6  9  11  12  15  17  27  22  20  22  30  25  25  27  27  48  59  55  65  70  82  87  103  100  102  101  97  89  75  51  25  12  3  3  0  0  0  0  
0  0  0  0  0  0  1  0  0  0  1  0  1  0  4  1  1  2  4  2  4  0  5  5  2  0  3  5  4  4  5  3  7  4  11  9  12  11  12  8  8  1  3  1  1  0  1  0  0  0  
0  0  0  0  0  0  0  0  0  0  0  1  0  0  0  1  0  0  0  1  0  0  0  1  0  0  0  1  0  0  0  0  0  1  0  2  0  0  1  1  1  0  1  0  0  0  0  0  0  0  
