0  0  0  0  0  0  0  0  1  0  0  0  0  1  2  0  1  0  0  1  0  1  1  1  1  0  2  0  0  0  0  0  1  0  2  0  0  0  0  0  0  1  0  0  0  0  0  0  0  0  
0  0  0  0  0  0  2  0  2  7  5  5  9  4  6  2  6  7  1  6  3  5  4  2  2  0  2  3  10  5  2  5  3  5  1  1  6  3  4  4  2  4  0  0  0  0  0  0  0  0  
0  0  0  0  0  3  4  10  20  32  34  36  51  61  41  52  33  42  35  40  38  24  21  24  31  35  37  31  37  25  42  44  39  49  43  37  55  45  38  35  23  16  10  8  0  1  0  0  0  0  
0  0  0  0  7  15  34  103  179  274  310  380  357  345  370  408  341  357  343  305  312  281  260  227  271  247  294  261  262  299  334  322  352  343  337  346  357  345  352  329  249  182  111  51  11  5  0  0  0  0  
0  0  0  7  22  65  284  556  1077  1501  1788  1971  2079  2080  2059  2094  2051  1910  1882  1870  1657  1603  1537  1450  1437  1397  1453  1521  1616  1685  1779  1845  1938  2007  2082  2057  2052  2057  2007  1846  1405  1056  565  272  87  22  2  0  0  0  
0  0  3  15  65  332  1129  2503  4554  6447  7838  8565  8876  8857  8924  9005  8650  8361  8133  7548  7198  6701  6314  6100  5983  6053  6111  6374  6749  6977  7462  7899  8103  8369  8650  8696  8658  8702  8353  7659  6414  4434  2487  1108  365  74  23  5  0  0  
0  2  4  34  284  1129  3416  7733  13742  19841  24315  26289  27540  27753  27876  27504  27269  26130  24958  23602  22174  20797  19647  18956  18121  18482  18852  19444  20857  21867  23223  24576  25278  26551  26762  26661  27041  26861  25809  24010  19511  13855  7899  3431  1120  263  51  8  0  0  
0  0  10  103  556  2503  7733  17690  31800  46275  56240  61429  63258  64284  63766  63355  62114  60326  57893  55047  51155  48101  45726  43928  43220  42713  44032  45218  47597  50981  53463  56728  59306  61047  62079  62261  62482  61791  59755  55113  45514  32115  17948  7808  2624  582  115  15  1  0  
1  2  20  179  1077  4554  13742  31800  57410  82459  101027  109670  113575  114381  114672  113631  111933  107382  102591  97312  91769  86361  82344  79196  76654  76880  78576  81640  85718  90681  96303  101505  106194  109259  111406  111892  111350  110589  107149  98306  81254  57621  32480  14105  4770  1185  180  36  3  0  
0  7  32  274  1501  6447  19841  46275  82459  118436  144771  157898  163950  164435  165191  162254  159859  155548  148914  140576  132435  125141  117886  113387  110951  110354  112328  117100  122841  130287  138342  145960  152399  156956  159785  160683  160645  158598  153889  141166  117513  82270  46897  20436  6488  1593  301  29  4  0  
0  5  34  310  1788  7838  24315  56240  101027  144771  176514  192785  198518  201139  200037  198201  194124  188784  180783  170936  160821  151929  143530  137632  134965  134246  136689  142878  149488  158231  168556  177149  186603  191393  194993  196295  195101  193988  187829  172816  142991  100111  57029  24936  8286  2011  366  56  4  0  
0  5  36  380  1971  8565  26289  61429  109670  157898  192785  209788  216409  219165  219066  216856  212304  206576  197162  186737  176186  165780  157788  150953  146514  146078  148794  155388  162889  173868  183482  194659  202463  209241  212370  213037  213657  210972  205094  189102  155594  109385  61849  27392  8758  2196  386  36  2  1  
0  9  51  357  2079  8876  27540  63258  113575  163950  198518  216409  224750  225911  225837  224532  219399  213391  203827  193549  181543  172098  162767  155631  151766  151842  154941  161564  168154  178694  190045  201192  209617  216421  219556  221376  222081  219429  212230  196201  161408  113805  64467  28115  9320  2229  368  57  3  1  
1  4  61  345  2080  8857  27753  64284  114381  164435  201139  219165  225911  228826  227363  226047  222438  214172  206307  195246  184079  173109  164143  156915  153209  152816  155910  161721  171051  180786  191811  202451  211195  217565  221596  224001  222778  221558  215357  197572  163036  114845  65285  28419  9390  2302  397  42  4  0  
2  6  41  370  2059  8924  27876  63766  114672  165191  200037  219066  225837  227363  227826  225218  221890  214310  205826  195015  183777  173415  163613  156778  152695  152930  155737  162400  170028  180542  191966  202754  211911  217299  221446  223007  224742  220880  214931  198422  162983  114820  64812  28321  9290  2321  382  47  1  1  
0  2  52  408  2094  9005  27504  63355  113631  162254  198201  216856  224532  226047  225218  224936  219546  212971  203853  193687  182041  171405  162757  156526  152674  152117  154053  160608  168260  179629  190708  201890  209644  217024  219661  221526  223015  221201  213849  196190  162669  114313  64680  28009  9147  2201  424  47  6  0  
1  6  33  341  2051  8650  27269  62114  111933  159859  194124  212304  219399  222438  221890  219546  214138  208567  200802  190173  178446  168153  158897  152656  148831  149398  151926  158545  166233  175938  187324  196605  205778  211878  216896  217677  218171  216450  210654  193006  159336  111961  63380  27817  9010  2170  391  51  2  0  
0  7  42  357  1910  8361  26130  60326  107382  155548  188784  206576  213391  214172  214310  212971  208567  203176  194025  184112  173230  163282  155094  148178  144788  145573  147330  153970  161235  171294  181584  191351  199433  205658  209067  211724  212296  210501  204024  187276  154983  108972  61342  26900  8738  2207  386  49  3  0  
0  1  35  343  1882  8133  24958  57893  102591  148914  180783  197162  203827  206307  205826  203853  200802  194025  186934  176945  167119  156843  148042  142932  138899  138335  141424  147145  154972  164402  174219  183775  191176  197468  201399  202339  203851  201731  195456  179687  148778  104491  59191  25756  8403  2055  326  53  10  0  
1  6  40  305  1870  7548  23602  55047  97312  140576  170936  186737  193549  195246  195015  193687  190173  184112  176945  167420  157330  147878  140691  134647  132604  132368  134025  139290  146680  156510  165874  174630  181012  187639  190822  192423  192162  192207  185892  169573  141452  99593  55910  24796  8178  1896  345  46  3  0  
0  3  38  312  1657  7198  22174  51155  91769  132435  160821  176186  181543  184079  183777  182041  178446  173230  167119  157330  149192  140574  132998  126865  123945  124838  126903  131743  137917  147521  156362  164970  171317  177023  179845  181713  181935  181161  175904  161801  133596  93771  53055  23056  7580  1922  345  46  7  0  
1  5  24  281  1603  6701  20797  48101  86361  125141  151929  165780  172098  173109  173415  171405  168153  163282  156843  147878  140574  131958  124480  119629  117308  117638  120099  124280  131041  138931  147532  155554  162228  167679  169996  171628  171743  170513  165344  152038  125559  88255  49946  21762  7156  1756  309  51  2  0  
1  4  21  260  1537  6314  19647  45726  82344  117886  143530  157788  162767  164143  163613  162757  158897  155094  148042  140691  132998  124480  118430  113768  110708  110848  113633  118990  123830  131818  139265  147815  154006  158978  161440  162639  163864  161243  157017  145000  119329  84004  47213  20578  6710  1652  288  37  2  1  
1  2  24  227  1450  6100  18956  43928  79196  113387  137632  150953  155631  156915  156778  156526  152656  148178  142932  134647  126865  119629  113768  108916  107144  106942  108821  113466  119726  127056  134410  142338  149022  152839  155585  157120  156890  155365  150629  139014  115236  80527  45509  19817  6572  1588  265  37  3  1  
1  2  31  271  1437  5983  18121  43220  76654  110951  134965  146514  151766  153209  152695  152674  148831  144788  138899  132604  123945  117308  110708  107144  103528  105152  106286  110634  117191  123977  131710  139402  145774  150323  152824  153047  154037  152354  147242  135607  111560  78921  44520  19580  6354  1618  269  37  7  0  
0  0  35  247  1397  6053  18482  42713  76880  110354  134246  146078  151842  152816  152930  152117  149398  145573  138335  132368  124838  117638  110848  106942  105152  104020  106513  111386  117761  124241  132721  138811  145831  150543  152763  153788  154313  152488  148359  135785  112833  78975  44886  19416  6417  1590  293  31  3  0  
2  2  37  294  1453  6111  18852  44032  78576  112328  136689  148794  154941  155910  155737  154053  151926  147330  141424  134025  126903  120099  113633  108821  106286  106513  109670  114051  119870  127223  135036  142399  149080  153743  156771  158127  158116  157110  151961  139872  115430  80918  45999  20318  6645  1596  287  41  6  0  
0  3  31  261  1521  6374  19444  45218  81640  117100  142878  155388  161564  161721  162400  160608  158545  153970  147145  139290  131743  124280  118990  113466  110634  111386  114051  117634  124721  132146  140826  149382  155404  160938  162669  163983  165217  163284  158117  144514  120212  84393  48210  21041  6744  1654  290  32  2  0  
0  10  37  262  1616  6749  20857  47597  85718  122841  149488  162889  168154  171051  170028  168260  166233  161235  154972  146680  137917  131041  123830  119726  117191  117761  119870  124721  131840  139493  148603  156619  164150  169385  173158  174272  173362  172330  166959  153324  126984  89397  50353  22005  7186  1809  346  36  5  0  
0  5  25  299  1685  6977  21867  50981  90681  130287  158231  173868  178694  180786  180542  179629  175938  171294  164402  156510  147521  138931  131818  127056  123977  124241  127223  132146  139493  149126  158788  167127  174038  179771  183328  185020  184816  183517  177753  163120  134885  94986  53323  23535  7600  1879  355  39  6  0  
0  2  42  334  1779  7462  23223  53463  96303  138342  168556  183482  190045  191811  191966  190708  187324  181584  174219  165874  156362  147532  139265  134410  131710  132721  135036  140826  148603  158788  166612  178078  185126  191055  195389  196194  196093  194803  189415  174802  143641  101173  57318  24931  8161  1972  362  42  4  0  
0  5  44  322  1845  7899  24576  56728  101505  145960  177149  194659  201192  202451  202754  201890  196605  191351  183775  174630  164970  155554  147815  142338  139402  138811  142399  149382  156619  167127  178078  187034  195201  201744  205811  207709  208332  206633  200310  183761  151032  106553  60340  26631  8649  2050  363  45  5  0  
1  3  39  352  1938  8103  25278  59306  106194  152399  186603  202463  209617  211195  211911  209644  205778  199433  191176  181012  171317  162228  154006  149022  145774  145831  149080  155404  164150  174038  185126  195201  204686  211172  214334  216560  217902  215924  208271  192574  158171  111374  63105  27686  9076  2267  395  41  11  1  
0  5  49  343  2007  8369  26551  61047  109259  156956  191393  209241  216421  217565  217299  217024  211878  205658  197468  187639  177023  167679  158978  152839  150323  150543  153743  160938  169385  179771  191055  201744  211172  218012  221516  224586  225293  222875  216020  197616  163104  115210  64781  28588  9222  2337  406  54  1  0  
2  1  43  337  2082  8650  26762  62079  111406  159785  194993  212370  219556  221596  221446  219661  216896  209067  201399  190822  179845  169996  161440  155585  152824  152763  156771  162669  173158  183328  195389  205811  214334  221516  225994  228028  227566  226013  220234  201282  165875  117065  66496  29093  9459  2317  430  60  5  2  
0  1  37  346  2057  8696  26661  62261  111892  160683  196295  213037  221376  224001  223007  221526  217677  211724  202339  192423  181713  171628  162639  157120  153047  153788  158127  163983  174272  185020  196194  207709  216560  224586  228028  230582  230387  228394  221322  202600  167713  117765  66785  29403  9487  2320  406  55  2  1  
0  6  55  357  2052  8658  27041  62482  111350  160645  195101  213657  222081  222778  224742  223015  218171  212296  203851  192162  181935  171743  163864  156890  154037  154313  158116  165217  173362  184816  196093  208332  217902  225293  227566  230387  231718  229357  221702  203154  167526  118543  66798  29194  9627  2368  383  50  5  1  
0  3  45  345  2057  8702  26861  61791  110589  158598  193988  210972  219429  221558  220880  221201  216450  210501  201731  192207  181161  170513  161243  155365  152354  152488  157110  163284  172330  183517  194803  206633  215924  222875  226013  228394  229357  227328  219531  201339  166502  116652  66197  29081  9686  2299  396  53  6  0  
0  4  38  352  2007  8353  25809  59755  107149  153889  187829  205094  212230  215357  214931  213849  210654  204024  195456  185892  175904  165344  157017  150629  147242  148359  151961  158117  166959  177753  189415  200310  208271  216020  220234  221322  221702  219531  213092  195191  161059  113218  64245  28003  9263  2251  390  47  5  0  
0  4  35  329  1846  7659  24010  55113  98306  141166  172816  189102  196201  197572  198422  196190  193006  187276  179687  169573  161801  152038  145000  139014  135607  135785  139872  144514  153324  163120  174802  183761  192574  197616  201282  202600  203154  201339  195191  179030  147593  104360  58801  25707  8562  2133  347  42  3  1  
0  2  23  249  1405  6414  19511  45514  81254  117513  142991  155594  161408  163036  162983  162669  159336  154983  148778  141452  133596  125559  119329  115236  111560  112833  115430  120212  126984  134885  143641  151032  158171  163104  165875  167713  167526  166502  161059  147593  121046  86052  48698  21374  7097  1749  292  48  5  0  
1  4  16  182  1056  4434  13855  32115  57621  82270  100111  109385  113805  114845  114820  114313  111961  108972  104491  99593  93771  88255  84004  80527  78921  78975  80918  84393  89397  94986  101173  106553  111374  115210  117065  117765  118543  116652  113218  104360  86052  60572  34350  15179  4912  1227  200  26  3  0  
0  0  10  111  565  2487  7899  17948  32480  46897  57029  61849  64467  65285  64812  64680  63380  61342  59191  55910  53055  49946  47213  45509  44520  44886  45999  48210  50353  53323  57318  60340  63105  64781  66496  66785  66798  66197  64245  58801  48698  34350  19406  8437  2900  728  111  12  1  1  
0  0  8  51  272  1108  3431  7808  14105  20436  24936  27392  28115  28419  28321  28009  27817  26900  25756  24796  23056  21762  20578  19817  19580  19416  20318  21041  22005  23535  24931  26631  27686  28588  29093  29403  29194  29081  28003  25707  21374  15179  8437  3724  1267  299  55  5  1  0  
0  0  0  11  87  365  1120  2624  4770  6488  8286  8758  9320  9390  9290  9147  9010  8738  8403  8178  7580  7156  6710  6572  6354  6417  6645  6744  7186  7600  8161  8649  9076  9222  9459  9487  9627  9686  9263  8562  7097  4912  2900  1267  360  105  21  3  0  0  
0  0  1  5  22  74  263  582  1185  1593  2011  2196  2229  2302  2321  2201  2170  2207  2055  1896  1922  1756  1652  1588  1618  1590  1596  1654  1809  1879  1972  2050  2267  2337  2317  2320  2368  2299  2251  2133  1749  1227  728  299  105  18  5  1  0  0  
0  0  0  0  2  23  51  115  180  301  366  386  368  397  382  424  391  386  326  345  345  309  288  265  269  293  287  290  346  355  362  363  395  406  430  406  383  396  390  347  292  200  111  55  21  5  0  0  0  0  
0  0  0  0  0  5  8  15  36  29  56  36  57  42  47  47  51  49  53  46  46  51  37  37  37  31  41  32  36  39  42  45  41  54  60  55  50  53  47  42  48  26  12  5  3  1  0  0  0  0  
0  0  0  0  0  0  0  1  3  4  4  2  3  4  1  6  2  3  10  3  7  2  2  3  7  3  6  2  5  6  4  5  11  1  5  2  5  6  5  3  5  3  1  1  0  0  0  0  0  0  
0  0  0  0  0  0  0  0  0  0  0  1  1  0  1  0  0  0  0  0  0  0  1  1  0  0  0  0  0  0  0  0  1  0  2  1  1  0  0  1  0  0  1  0  0  0  0  0  0  0  
