0  0  0  0  0  0  0  0  1  1  2  0  0  1  0  0  1  0  1  0  0  0  1  0  0  0  0  1  1  0  0  1  2  0  1  1  0  0  0  1  0  0  0  0  0  0  0  0  0  0  
0  0  0  0  0  0  0  4  3  3  7  6  12  9  6  11  7  5  8  5  4  4  2  6  1  3  1  5  3  1  2  4  4  3  2  0  1  1  2  1  1  1  0  0  0  0  0  0  0  0  
0  0  0  0  3  2  6  29  38  54  69  71  87  79  85  72  71  65  54  55  42  36  32  29  22  30  22  15  21  20  20  26  19  17  21  10  8  16  11  12  7  5  1  0  0  0  0  0  0  0  
0  0  0  4  6  26  78  205  342  504  601  619  624  627  633  600  592  547  479  461  423  358  316  266  265  225  210  196  174  172  168  143  129  121  132  106  122  93  97  79  46  34  30  13  2  0  0  0  0  0  
0  0  3  6  50  144  468  1102  1945  2835  3266  3575  3741  3718  3638  3391  3325  3106  2898  2581  2298  2065  1831  1655  1440  1252  1189  1122  985  963  918  876  789  727  645  587  534  516  438  388  303  213  129  54  14  8  1  0  0  0  
0  0  2  26  144  662  2136  4678  8413  12003  14413  15591  15589  15727  15272  14841  14076  13187  12212  10958  9875  8826  7707  6792  6049  5444  4973  4507  4175  4076  3651  3442  3231  2979  2820  2486  2296  2076  1888  1665  1277  854  473  241  66  22  6  1  0  0  
0  0  6  78  468  2136  6110  14669  26011  37084  44825  48006  49095  48571  47439  46103  43711  40897  37991  34284  30756  27198  23789  21065  18694  16771  15116  14036  12900  12401  11787  10917  10127  9270  8480  7744  7074  6465  5580  4998  3859  2636  1477  645  205  46  9  1  0  0  
0  4  29  205  1102  4678  14669  33132  60191  85473  103354  111226  113561  112723  110610  105833  101548  94936  86811  78686  70729  62780  55353  48356  43096  38821  35524  32580  30391  28671  27127  25362  23569  21667  19991  18031  16324  14738  13251  11488  9118  6367  3521  1546  473  132  17  7  2  0  
1  3  38  342  1945  8413  26011  60191  106352  153142  184461  199370  203408  201479  195971  190754  180101  169588  156095  141410  126326  111776  98880  86548  77418  70054  63230  58501  54549  52063  48655  45716  42400  39486  35756  32373  29516  26949  24025  20982  16924  11355  6355  2707  937  225  43  8  1  0  
1  3  54  504  2835  12003  37084  85473  153142  219194  264628  284705  290894  287600  282061  273248  259115  243725  224665  203128  181470  162019  141716  125522  111492  99964  91294  84557  79721  74863  70723  65907  61351  56742  52249  47256  42908  39189  35669  30725  24364  16605  9160  4071  1350  328  51  13  2  1  
2  7  69  601  3266  14413  44825  103354  184461  264628  319914  344005  353373  348893  341813  330037  315462  296246  271248  247262  220376  195520  172660  152098  135844  122335  111953  104090  97241  92014  87575  82215  76525  71222  64997  59351  54279  49415  45073  39074  30657  21353  11964  5115  1732  441  74  11  1  0  
0  6  71  619  3575  15591  48006  111226  199370  284705  344005  374012  381251  377350  369292  357429  341567  320060  296335  267795  239746  212261  188503  167494  149273  134493  123611  114969  108231  102358  97360  91225  86324  80276  73559  67179  61854  56819  51337  45090  35841  24730  13652  6026  1977  474  87  7  2  1  
0  12  87  624  3741  15589  49095  113561  203408  290894  353373  381251  389070  386560  377485  366137  350023  328589  303044  275273  246401  219624  194375  173778  154999  141168  129265  120630  114304  109069  103170  97840  92149  86411  79729  73413  67816  62062  56711  49465  39965  27772  15233  6822  2112  532  107  14  1  0  
1  9  79  627  3718  15727  48571  112723  201479  287600  348893  377350  386560  383114  376925  365432  348679  327775  302400  274769  247791  221107  196781  174928  156574  143612  131944  124117  117885  112542  108247  102840  97540  91851  85275  78882  72793  67390  61740  54767  43836  30065  16786  7289  2409  611  117  15  3  0  
0  6  85  633  3638  15272  47439  110610  195971  282061  341813  369292  377485  376925  369708  358927  343096  322821  298878  272704  246126  218932  195337  174453  157799  144018  134643  126662  120909  116019  111546  108328  102286  97205  90846  84623  79052  73242  67387  59383  47996  33195  18678  8093  2662  667  99  20  0  0  
0  11  72  600  3391  14841  46103  105833  190754  273248  330037  357429  366137  365432  358927  349140  333919  316226  293436  267270  241857  216173  193052  173666  157492  145320  135265  129143  123788  119228  115570  112419  108144  102573  97294  90996  85210  79640  73734  65003  52594  36446  20410  8854  2891  724  130  20  0  1  
1  7  71  592  3325  14076  43711  101548  180101  259115  315462  341567  350023  348679  343096  333919  322494  304226  283330  257607  234377  210312  189359  169945  155104  144371  135200  129119  124695  121862  119611  116524  112166  107690  103080  96283  91211  85511  79775  71163  57092  39621  22394  9755  3060  817  155  24  3  0  
0  5  65  547  3106  13187  40897  94936  169588  243725  296246  320060  328589  327775  322821  316226  304226  288624  267984  247341  224236  202322  181852  166256  152002  141674  134024  129146  125553  123243  121727  119061  116861  112663  107631  102224  97160  91534  85369  76177  61328  43327  24261  10452  3513  912  148  21  0  0  
1  8  54  479  2898  12212  37991  86811  156095  224665  271248  296335  303044  302400  298878  293436  283330  267984  252402  232520  211595  192612  173745  158737  146321  137812  131423  127626  124910  123648  123496  122275  119922  115940  112140  107105  103269  97501  91306  82030  66532  46311  26117  11445  3748  936  173  29  2  0  
0  5  55  461  2581  10958  34284  78686  141410  203128  247262  267795  275273  274769  272704  267270  257607  247341  232520  214774  196798  180357  163570  150777  139866  132742  127158  125345  123216  123458  123249  122976  121120  119203  115393  111703  107506  102841  97471  87167  71036  49306  27968  12268  4063  974  177  16  3  0  
0  4  42  423  2298  9875  30756  70729  126326  181470  220376  239746  246401  247791  246126  241857  234377  224236  211595  196798  181894  165637  152680  141046  132177  126715  122481  121305  120858  121789  123175  124240  123805  121933  119822  115768  112818  108442  102625  92435  75272  52905  29632  13078  4205  1044  178  34  4  0  
0  4  36  358  2065  8826  27198  62780  111776  162019  195520  212261  219624  221107  218932  216173  210312  202322  192612  180357  165637  152928  141632  132405  124699  120471  117729  117986  118484  121308  123554  124508  125956  125175  124307  120839  117949  114576  108247  98017  79878  55910  31619  13935  4500  1131  207  25  3  1  
1  2  32  316  1831  7707  23789  55353  98880  141716  172660  188503  194375  196781  195337  193052  189359  181852  173745  163570  152680  141632  131648  124643  117540  115484  114742  115510  117388  121339  124414  126598  128832  129962  128307  126497  124383  120845  115073  104644  85372  60236  34033  14802  4781  1161  212  28  2  1  
0  6  29  266  1655  6792  21065  48356  86548  125522  152098  167494  173778  174928  174453  173666  169945  166256  158737  150777  141046  132405  124643  117732  113850  111676  111918  114448  117844  122587  126123  130900  134303  135427  135470  135040  132491  129447  123664  111997  92237  64544  36464  15909  5230  1212  213  32  3  0  
0  1  22  265  1440  6049  18694  43096  77418  111492  135844  149273  154999  156574  157799  157492  155104  152002  146321  139866  132177  124699  117540  113850  110978  110666  111976  114391  119422  126359  132040  136968  140625  143948  145042  144166  143108  139506  135184  122376  100911  70319  39904  17346  5780  1347  268  34  2  0  
0  3  30  225  1252  5444  16771  38821  70054  99964  122335  134493  141168  143612  144018  145320  144371  141674  137812  132742  126715  120471  115484  111676  110666  111110  113254  118377  124567  131637  139520  147003  151920  155115  157412  156697  157311  153446  148832  136737  111860  78780  44477  19548  6451  1573  279  30  3  0  
0  1  22  210  1189  4973  15116  35524  63230  91294  111953  123611  129265  131944  134643  135265  135200  134024  131423  127158  122481  117729  114742  111918  111976  113254  117510  123977  131971  141325  149588  159627  165784  170867  172915  174461  175182  172169  166596  152488  125993  88835  50119  22084  7275  1782  316  37  2  0  
1  5  15  196  1122  4507  14036  32580  58501  84557  104090  114969  120630  124117  126662  129143  129119  129146  127626  125345  121305  117986  115510  114448  114391  118377  123977  131148  141191  152658  163985  174143  183018  188678  193262  195079  195277  193320  188410  172839  142616  100907  56672  24945  8187  1991  334  50  5  0  
1  3  21  174  985  4175  12900  30391  54549  79721  97241  108231  114304  117885  120909  123788  124695  125553  124910  123216  120858  118484  117388  117844  119422  124567  131971  141191  153172  165602  179444  191534  201788  209728  215656  218790  219351  218095  212663  195964  162261  113840  64641  28350  9397  2286  382  48  6  0  
0  1  20  172  963  4076  12401  28671  52063  74863  92014  102358  109069  112542  116019  119228  121862  123243  123648  123458  121789  121308  121339  122587  126359  131637  141325  152658  165602  180560  196567  211265  224783  233891  240622  244486  247318  246032  239486  221338  183756  128573  73025  31788  10288  2554  463  64  4  0  
0  2  20  168  918  3651  11787  27127  48655  70723  87575  97360  103170  108247  111546  115570  119611  121727  123496  123249  123175  123554  124414  126123  132040  139520  149588  163985  179444  196567  214890  232306  246946  258769  267105  273247  275184  275969  267901  247651  204872  145661  82229  36182  11646  2779  541  59  8  0  
1  4  26  143  876  3442  10917  25362  45716  65907  82215  91225  97840  102840  108328  112419  116524  119061  122275  122976  124240  124508  126598  130900  136968  147003  159627  174143  191534  211265  232306  252128  269406  284740  291641  299800  303169  304688  297980  274494  227540  159976  90847  39592  13106  3107  590  72  6  0  
2  4  19  129  789  3231  10127  23569  42400  61351  76525  86324  92149  97540  102286  108144  112166  116861  119922  121120  123805  125956  128832  134303  140625  151920  165784  183018  201788  224783  246946  269406  286890  304846  315074  322995  329762  330785  322808  298940  247305  175174  99188  43334  14013  3597  603  70  5  2  
0  3  17  121  727  2979  9270  21667  39486  56742  71222  80276  86411  91851  97205  102573  107690  112663  115940  119203  121933  125175  129962  135427  143948  155115  170867  188678  209728  233891  258769  284740  304846  321872  334740  344833  349928  353574  345394  318592  264904  186290  106010  46041  15267  3727  627  101  10  0  
1  2  21  132  645  2820  8480  19991  35756  52249  64997  73559  79729  85275  90846  97294  103080  107631  112140  115393  119822  124307  128307  135470  145042  157412  172915  193262  215656  240622  267105  291641  315074  334740  348648  360303  366736  368332  360512  335003  277012  195926  111088  48731  16030  3889  648  83  3  0  
1  0  10  106  587  2486  7744  18031  32373  47256  59351  67179  73413  78882  84623  90996  96283  102224  107105  111703  115768  120839  126497  135040  144166  156697  174461  195079  218790  244486  273247  299800  322995  344833  360303  371592  377364  380553  373102  346662  286804  202529  114375  49985  16533  4067  723  77  8  1  
0  1  8  122  534  2296  7074  16324  29516  42908  54279  61854  67816  72793  79052  85210  91211  97160  103269  107506  112818  117949  124383  132491  143108  157311  175182  195277  219351  247318  275184  303169  329762  349928  366736  377364  385162  388967  382224  354536  294724  208071  117839  51641  16547  4090  694  80  10  2  
0  1  16  93  516  2076  6465  14738  26949  39189  49415  56819  62062  67390  73242  79640  85511  91534  97501  102841  108442  114576  120845  129447  139506  153446  172169  193320  218095  246032  275969  304688  330785  353574  368332  380553  388967  391274  385838  356627  297480  210081  119582  52335  17407  4271  683  85  8  1  
0  2  11  97  438  1888  5580  13251  24025  35669  45073  51337  56711  61740  67387  73734  79775  85369  91306  97471  102625  108247  115073  123664  135184  148832  166596  188410  212663  239486  267901  297980  322808  345394  360512  373102  382224  385838  378532  351700  292171  205913  117164  51207  16639  4040  718  91  10  1  
1  1  12  79  388  1665  4998  11488  20982  30725  39074  45090  49465  54767  59383  65003  71163  76177  82030  87167  92435  98017  104644  111997  122376  136737  152488  172839  195964  221338  247651  274494  298940  318592  335003  346662  354536  356627  351700  324848  271529  191589  108401  47975  15753  3823  656  73  6  0  
0  1  7  46  303  1277  3859  9118  16924  24364  30657  35841  39965  43836  47996  52594  57092  61328  66532  71036  75272  79878  85372  92237  100911  111860  125993  142616  162261  183756  204872  227540  247305  264904  277012  286804  294724  297480  292171  271529  225264  159987  90380  39686  12983  3146  566  63  9  0  
0  1  5  34  213  854  2636  6367  11355  16605  21353  24730  27772  30065  33195  36446  39621  43327  46311  49306  52905  55910  60236  64544  70319  78780  88835  100907  113840  128573  145661  159976  175174  186290  195926  202529  208071  210081  205913  191589  159987  112478  64108  27720  9197  2246  396  69  6  0  
0  0  1  30  129  473  1477  3521  6355  9160  11964  13652  15233  16786  18678  20410  22394  24261  26117  27968  29632  31619  34033  36464  39904  44477  50119  56672  64641  73025  82229  90847  99188  106010  111088  114375  117839  119582  117164  108401  90380  64108  35812  15916  5186  1309  219  26  1  0  
0  0  0  13  54  241  645  1546  2707  4071  5115  6026  6822  7289  8093  8854  9755  10452  11445  12268  13078  13935  14802  15909  17346  19548  22084  24945  28350  31788  36182  39592  43334  46041  48731  49985  51641  52335  51207  47975  39686  27720  15916  6964  2257  582  112  9  0  0  
0  0  0  2  14  66  205  473  937  1350  1732  1977  2112  2409  2662  2891  3060  3513  3748  4063  4205  4500  4781  5230  5780  6451  7275  8187  9397  10288  11646  13106  14013  15267  16030  16533  16547  17407  16639  15753  12983  9197  5186  2257  744  167  20  1  2  0  
0  0  0  0  8  22  46  132  225  328  441  474  532  611  667  724  817  912  936  974  1044  1131  1161  1212  1347  1573  1782  1991  2286  2554  2779  3107  3597  3727  3889  4067  4090  4271  4040  3823  3146  2246  1309  582  167  44  10  0  0  0  
0  0  0  0  1  6  9  17  43  51  74  87  107  117  99  130  155  148  173  177  178  207  212  213  268  279  316  334  382  463  541  590  603  627  648  723  694  683  718  656  566  396  219  112  20  10  0  0  0  0  
0  0  0  0  0  1  1  7  8  13  11  7  14  15  20  20  24  21  29  16  34  25  28  32  34  30  37  50  48  64  59  72  70  101  83  77  80  85  91  73  63  69  26  9  1  0  0  0  0  0  
0  0  0  0  0  0  0  2  1  2  1  2  1  3  0  0  3  0  2  3  4  3  2  3  2  3  2  5  6  4  8  6  5  10  3  8  10  8  10  6  9  6  1  0  2  0  0  0  0  0  
0  0  0  0  0  0  0  0  0  1  0  1  0  0  0  1  0  0  0  0  0  1  1  0  0  0  0  0  0  0  0  0  2  0  0  1  2  1  1  0  0  0  0  0  0  0  0  0  0  0  
