0  0  0  0  0  0  0  0  0  0  0  0  1  1  0  0  0  0  0  0  0  0  0  0  0  0  0  0  0  0  0  0  0  0  0  0  0  0  0  0  0  0  0  0  0  0  0  0  0  0  
0  0  0  0  0  0  0  0  0  0  0  2  0  2  0  0  1  0  2  0  0  0  0  1  0  0  0  0  0  0  0  0  0  0  0  0  0  0  0  0  0  0  0  0  0  0  0  0  0  0  
0  0  0  0  0  0  1  1  3  1  11  7  11  13  18  13  10  15  6  7  0  1  3  1  2  1  2  3  2  3  1  4  1  1  1  2  0  1  4  2  1  0  1  0  0  0  0  0  0  0  
0  0  0  0  0  2  1  9  14  31  59  86  104  95  128  117  99  80  59  49  36  38  34  29  19  12  13  19  11  9  16  13  22  15  10  18  21  17  19  13  4  4  5  0  0  0  0  0  0  0  
0  0  0  0  0  4  15  48  83  205  342  490  606  674  758  732  660  519  405  347  283  235  200  156  139  120  98  97  103  100  82  94  107  112  134  106  121  112  105  69  51  21  15  0  3  1  0  0  0  0  
0  0  0  2  4  12  47  173  420  871  1622  2300  3136  3520  3533  3404  2989  2517  2178  1735  1388  1168  971  828  684  613  558  498  446  477  548  515  541  582  614  663  669  586  459  360  201  99  60  22  9  4  0  0  0  0  
0  0  1  1  15  47  214  735  1721  3588  6232  8959  11674  13243  13668  12982  11832  10164  8273  6650  5598  4597  3757  3171  2691  2341  1977  1921  1825  1920  1988  1880  2075  2209  2380  2497  2344  2172  1868  1263  947  466  235  107  33  4  1  0  0  0  
0  0  1  9  48  173  735  2212  5413  10976  19003  27899  35806  41539  42251  40533  36083  31110  25540  21093  17079  13754  11250  9491  8166  7133  6560  5888  5660  5601  5730  6051  6520  6810  7294  7513  7251  6851  5596  4275  2621  1485  733  281  86  28  3  0  0  0  
0  0  3  14  83  420  1721  5413  13374  27256  47225  69502  89537  101764  104816  100065  89179  77634  63963  52479  41957  34267  27962  23566  19920  17582  15857  14826  14205  13940  14217  15136  16295  17290  18429  18948  18537  17070  14154  10363  6726  3803  1843  674  209  64  9  3  0  0  
0  0  1  31  205  871  3588  10976  27256  56480  96545  142763  182712  207349  213778  204647  183566  157158  131254  106861  86423  70003  57448  48320  41324  36072  32665  29599  29016  28977  29592  31100  33366  35732  37936  39176  38127  35395  29243  21692  14228  8161  3823  1437  449  104  22  5  0  0  
0  0  11  59  342  1622  6232  19003  47225  96545  166894  245119  313289  357845  369552  352701  315343  270394  225242  183637  148417  120829  99350  82580  71022  62002  55992  52390  50310  49753  51306  54260  57913  61988  66247  68488  67388  61206  50845  37499  24745  13941  6507  2600  785  191  38  6  0  0  
0  2  7  86  490  2300  8959  27899  69502  142763  245119  358596  460404  523735  543401  518745  464940  397619  330905  269767  219276  178310  145931  122128  105098  92043  82722  77245  73894  74192  76425  80647  86784  93009  99096  101815  100476  91446  76431  56876  37352  21044  9945  3810  1211  264  64  9  1  0  
1  0  11  104  606  3136  11674  35806  89537  182712  313289  460404  591534  671945  695289  665020  596365  509906  424905  347529  281778  227812  187226  157451  134995  118894  107161  99912  95914  96382  99442  104886  112505  121843  129911  134442  132072  120079  100921  75101  49191  27647  12849  4935  1601  395  61  12  2  0  
1  2  13  95  674  3520  13243  41539  101764  207349  357845  523735  671945  766962  793974  758340  680286  583087  483988  395553  320801  261863  214515  179634  153749  135769  122969  115112  111017  112274  115174  122681  131573  142223  151901  157370  154332  141747  118107  88734  58068  32600  15290  5891  1807  474  105  12  2  0  
0  0  18  128  758  3533  13668  42251  104816  213778  369552  543401  695289  793974  822256  782663  703297  603290  500945  408687  333011  270725  222723  185954  159592  141533  128169  120387  115998  117302  121830  129407  139997  152215  162693  168974  166064  152266  127829  95420  62647  35327  16515  6536  2044  426  103  19  1  0  
0  0  13  117  732  3404  12982  40533  100065  204647  352701  518745  665020  758340  782663  749444  671822  576031  478919  392165  318911  258824  213638  179586  154239  135849  123899  116600  113661  115503  120178  127993  139379  150996  162740  168388  166860  152884  129214  96401  63548  35586  16609  6520  2094  511  87  13  1  0  
0  1  10  99  660  2989  11832  36083  89179  183566  315343  464940  596365  680286  703297  671822  605066  516441  429391  351380  286036  233415  192900  162008  139568  123459  113020  107519  104214  106418  111835  120145  130879  143515  155475  161498  159713  147654  123655  92775  60911  34261  16458  6144  1953  494  74  12  1  0  
0  0  15  80  519  2517  10164  31110  77634  157158  270394  397619  509906  583087  603290  576031  516441  444086  368935  301360  245242  200127  166052  140570  121238  108097  98676  94071  92927  95016  100548  109735  120181  131986  142475  149687  148682  137824  115610  86999  57075  32022  15113  5936  1790  462  85  15  0  0  
0  2  6  59  405  2178  8273  25540  63963  131254  225242  330905  424905  483988  500945  478919  429391  368935  306774  251808  205119  168106  139865  118113  102497  92134  84787  81413  81059  83115  89415  97048  108026  119480  130784  137585  137223  127192  107235  80866  52937  29776  14181  5483  1685  440  84  9  3  0  
0  0  7  49  347  1735  6650  21093  52479  106861  183637  269767  347529  395553  408687  392165  351380  301360  251808  207416  168207  138251  115544  98253  85519  76888  71519  69756  70506  73735  79225  87466  97918  109319  120366  126584  126859  118195  100324  75915  50050  27724  13441  5049  1566  380  83  8  3  0  
0  0  0  36  283  1388  5598  17079  41957  86423  148417  219276  281778  320801  333011  318911  286036  245242  205119  168207  138082  113690  95294  81799  71432  65297  61067  60152  61850  65280  70747  78838  89339  101914  112486  119600  120111  112795  95698  72143  47422  26938  12608  4798  1611  389  85  14  0  0  
0  0  1  38  235  1168  4597  13754  34267  70003  120829  178310  227812  261863  270725  258824  233415  200127  168106  138251  113690  93550  79060  68630  60945  55767  53143  53251  55246  58806  66012  74075  84745  97093  107188  115471  116521  109263  92505  70788  46886  26289  12340  4764  1451  356  73  7  1  1  
0  0  3  34  200  971  3757  11250  27962  57448  99350  145931  187226  214515  222723  213638  192900  166052  139865  115544  95294  79060  67096  58676  53014  49392  48012  48360  51204  55937  62509  71596  82635  95884  106367  114598  116642  109749  93731  71389  46949  26560  12445  4858  1488  356  69  8  0  0  
0  1  1  29  156  828  3171  9491  23566  48320  82580  122128  157451  179634  185954  179586  162008  140570  118113  98253  81799  68630  58676  52114  47162  44853  44320  45794  48574  53989  61627  72130  84204  96746  109189  117835  120336  113998  97738  74251  48860  27221  12941  5226  1613  404  81  12  0  0  
0  0  2  19  139  684  2691  8166  19920  41324  71022  105098  134995  153749  159592  154239  139568  121238  102497  85519  71432  60945  53014  47162  43598  42415  42564  44407  48820  55125  63401  74769  87990  102283  116567  125826  129682  121947  104534  79243  52922  29745  14064  5420  1804  426  95  8  1  0  
0  0  1  12  120  613  2341  7133  17582  36072  62002  92043  118894  135769  141533  135849  123459  108097  92134  76888  65297  55767  49392  44853  42415  41534  42529  45704  50393  57744  67730  80481  95398  111774  127489  139732  143745  135031  116437  88255  58752  33096  15979  6254  1975  486  95  13  0  0  
0  0  2  13  98  558  1977  6560  15857  32665  55992  82722  107161  122969  128169  123899  113020  98676  84787  71519  61067  53143  48012  44320  42564  42529  44054  48176  54520  62976  75123  89129  107356  126675  144422  157676  162151  154465  132761  101194  67210  37876  18266  6994  2209  591  94  7  0  0  
0  0  3  19  97  498  1921  5888  14826  29599  52390  77245  99912  115112  120387  116600  107519  94071  81413  69756  60152  53251  48360  45794  44407  45704  48176  53392  60655  71328  84925  102950  123931  146500  168043  185461  190706  180413  156068  118896  79101  45075  21406  8227  2597  626  113  19  2  2  
0  0  2  11  103  446  1825  5660  14205  29016  50310  73894  95914  111017  115998  113661  104214  92927  81059  70506  61850  55246  51204  48574  48820  50393  54520  60655  69772  83373  100115  121404  147211  173750  200846  220410  228119  217451  186606  142321  94895  53632  25395  9982  3096  767  173  20  2  1  
0  0  3  9  100  477  1920  5601  13940  28977  49753  74192  96382  112274  117302  115503  106418  95016  83115  73735  65280  58806  55937  53989  55125  57744  62976  71328  83373  99208  119603  146261  178296  211014  244704  270607  278109  265172  228325  174423  115863  65678  31131  12315  3736  936  185  16  4  0  
0  0  1  16  82  548  1988  5730  14217  29592  51306  76425  99442  115174  121830  120178  111835  100548  89415  79225  70747  66012  62509  61627  63401  67730  75123  84925  100115  119603  146052  177719  217832  259208  300524  332357  343828  326894  281663  215041  143270  80796  38461  15125  4836  1162  216  43  4  0  
0  0  4  13  94  515  1880  6051  15136  31100  54260  80647  104886  122681  129407  127993  120145  109735  97048  87466  78838  74075  71596  72130  74769  80481  89129  102950  121404  146261  177719  219048  266773  320023  370599  408551  421478  402518  347156  264214  176914  99798  47548  18703  5853  1423  305  36  3  0  
0  0  1  22  107  541  2075  6520  16295  33366  57913  86784  112505  131573  139997  139379  130879  120181  108026  97918  89339  84745  82635  84204  87990  95398  107356  123931  147211  178296  217832  266773  326490  391192  452809  499944  516228  492751  425142  323477  215945  122363  58271  22698  7165  1699  363  45  8  0  
0  0  1  15  112  582  2209  6810  17290  35732  61988  93009  121843  142223  152215  150996  143515  131986  119480  109319  101914  97093  95884  96746  102283  111774  126675  146500  173750  211014  259208  320023  391192  468750  542408  597650  618707  592288  508931  389314  259529  146777  69624  27241  8578  2078  392  58  3  0  
0  0  1  10  134  614  2380  7294  18429  37936  66247  99096  129911  151901  162693  162740  155475  142475  130784  120366  112486  107188  106367  109189  116567  127489  144422  168043  200846  244704  300524  370599  452809  542408  631232  694368  720419  685435  592390  452207  300989  169747  80807  32000  10002  2379  452  76  9  0  
0  0  2  18  106  663  2497  7513  18948  39176  68488  101815  134442  157370  168974  168388  161498  149687  137585  126584  119600  115471  114598  117835  125826  139732  157676  185461  220410  270607  332357  408551  499944  597650  694368  768932  795567  759538  654535  500567  332410  188422  89836  35477  10913  2844  500  83  10  1  
0  0  0  21  121  669  2344  7251  18537  38127  67388  100476  132072  154332  166064  166860  159713  148682  137223  126859  120111  116521  116642  120336  129682  143745  162151  190706  228119  278109  343828  421478  516228  618707  720419  795567  823886  787241  677435  516793  343777  194917  92836  36480  11638  2816  572  78  7  0  
0  0  1  17  112  586  2172  6851  17070  35395  61206  91446  120079  141747  152266  152884  147654  137824  127192  118195  112795  109263  109749  113998  121947  135031  154465  180413  217451  265172  326894  402518  492751  592288  685435  759538  787241  749366  645936  494567  328934  187689  89083  34850  11102  2696  501  87  10  0  
0  0  4  19  105  459  1868  5596  14154  29243  50845  76431  100921  118107  127829  129214  123655  115610  107235  100324  95698  92505  93731  97738  104534  116437  132761  156068  186606  228325  281663  347156  425142  508931  592390  654535  677435  645936  557846  425035  283226  160797  75985  29700  9435  2242  450  68  8  0  
0  0  2  13  69  360  1263  4275  10363  21692  37499  56876  75101  88734  95420  96401  92775  86999  80866  75915  72143  70788  71389  74251  79243  88255  101194  118896  142321  174423  215041  264214  323477  389314  452207  500567  516793  494567  425035  326136  216061  122600  58246  22736  7162  1786  376  52  5  1  
0  0  1  4  51  201  947  2621  6726  14228  24745  37352  49191  58068  62647  63548  60911  57075  52937  50050  47422  46886  46949  48860  52922  58752  67210  79101  94895  115863  143270  176914  215945  259529  300989  332410  343777  328934  283226  216061  144138  81825  38447  15165  4762  1159  206  26  2  1  
0  0  0  4  21  99  466  1485  3803  8161  13941  21044  27647  32600  35327  35586  34261  32022  29776  27724  26938  26289  26560  27221  29745  33096  37876  45075  53632  65678  80796  99798  122363  146777  169747  188422  194917  187689  160797  122600  81825  46038  21939  8687  2714  659  121  18  2  0  
0  0  1  5  15  60  235  733  1843  3823  6507  9945  12849  15290  16515  16609  16458  15113  14181  13441  12608  12340  12445  12941  14064  15979  18266  21406  25395  31131  38461  47548  58271  69624  80807  89836  92836  89083  75985  58246  38447  21939  10242  4155  1278  303  58  12  0  1  
0  0  0  0  0  22  107  281  674  1437  2600  3810  4935  5891  6536  6520  6144  5936  5483  5049  4798  4764  4858  5226  5420  6254  6994  8227  9982  12315  15125  18703  22698  27241  32000  35477  36480  34850  29700  22736  15165  8687  4155  1554  527  134  28  2  1  0  
0  0  0  0  3  9  33  86  209  449  785  1211  1601  1807  2044  2094  1953  1790  1685  1566  1611  1451  1488  1613  1804  1975  2209  2597  3096  3736  4836  5853  7165  8578  10002  10913  11638  11102  9435  7162  4762  2714  1278  527  158  49  8  1  0  0  
0  0  0  0  1  4  4  28  64  104  191  264  395  474  426  511  494  462  440  380  389  356  356  404  426  486  591  626  767  936  1162  1423  1699  2078  2379  2844  2816  2696  2242  1786  1159  659  303  134  49  14  4  0  0  0  
0  0  0  0  0  0  1  3  9  22  38  64  61  105  103  87  74  85  84  83  85  73  69  81  95  95  94  113  173  185  216  305  363  392  452  500  572  501  450  376  206  121  58  28  8  4  2  0  0  0  
0  0  0  0  0  0  0  0  3  5  6  9  12  12  19  13  12  15  9  8  14  7  8  12  8  13  7  19  20  16  43  36  45  58  76  83  78  87  68  52  26  18  12  2  1  0  0  0  0  0  
0  0  0  0  0  0  0  0  0  0  0  1  2  2  1  1  1  0  3  3  0  1  0  0  1  0  0  2  2  4  4  3  8  3  9  10  7  10  8  5  2  2  0  1  0  0  0  0  0  0  
0  0  0  0  0  0  0  0  0  0  0  0  0  0  0  0  0  0  0  0  0  1  0  0  0  0  0  2  1  0  0  0  0  0  0  1  0  0  0  1  1  0  1  0  0  0  0  0  0  0  
