0  0  0  0  0  0  0  0  0  0  0  0  1  0  0  0  1  0  0  0  0  0  0  0  0  0  0  0  0  0  0  0  0  0  0  0  0  0  0  0  0  0  0  0  0  0  0  0  0  0  
0  0  0  0  0  0  0  0  0  2  1  0  0  3  1  1  0  0  0  0  0  0  0  0  0  0  0  0  0  0  0  0  0  0  0  0  0  0  0  0  0  0  0  0  0  0  0  0  0  0  
0  0  0  0  0  0  0  1  6  10  19  19  21  33  19  13  5  5  3  0  0  0  0  0  0  0  0  0  0  0  0  0  0  0  0  0  0  0  0  0  0  0  0  0  0  0  0  0  0  0  
0  0  0  0  0  1  14  25  47  100  154  168  226  157  158  112  82  40  24  7  8  4  1  0  2  0  0  0  0  0  0  0  0  0  0  0  0  0  0  0  0  0  0  0  0  0  0  0  0  0  
0  0  0  0  2  12  58  139  318  600  873  1146  1179  1230  1013  722  498  369  188  108  47  33  10  3  2  2  0  0  0  0  0  0  0  0  0  0  0  0  0  0  0  0  0  0  0  0  0  0  0  0  
0  0  0  1  12  62  249  648  1407  2696  4251  5344  6083  5889  5018  3738  2683  1779  1029  551  312  141  72  32  19  6  2  1  1  0  0  0  0  0  0  0  0  0  0  0  0  0  0  0  0  0  0  0  0  0  
0  0  0  14  58  249  838  2347  5444  10098  15608  20806  23067  22752  19230  15069  10811  6907  4073  2328  1255  685  342  147  70  31  20  7  5  3  2  0  0  0  0  0  0  0  0  0  0  0  0  0  0  0  0  0  0  0  
0  0  1  25  139  648  2347  6810  15839  29697  46638  61591  70182  69563  60830  47488  34247  22669  14007  8066  4521  2446  1228  576  303  152  61  34  12  7  6  0  1  0  0  0  0  0  0  0  0  0  0  0  0  0  0  0  0  0  
0  0  6  47  318  1407  5444  15839  36906  70624  111048  149020  170654  171028  152126  122042  88582  59641  37783  22653  12835  6947  3709  1899  921  451  205  90  43  17  9  4  1  0  1  0  0  0  0  0  0  0  0  0  0  0  0  0  0  0  
0  2  10  100  600  2696  10098  29697  70624  136240  218149  294729  341340  346790  313418  255511  190619  131225  84857  52061  30415  17202  9292  4795  2509  1286  667  299  138  62  28  7  6  3  1  0  0  0  0  0  0  0  0  0  0  0  0  0  0  0  
0  1  19  154  873  4251  15608  46638  111048  218149  352318  485166  573004  591715  544888  453421  345828  243749  162141  101784  61248  35400  19766  10818  5760  3003  1520  732  362  158  66  39  15  6  5  1  1  1  0  0  0  0  0  0  0  0  0  0  0  0  
0  0  19  168  1146  5344  20806  61591  149020  294729  485166  675174  812133  856962  805972  685894  536042  389177  266866  172884  107338  63741  36968  21015  11639  6331  3324  1657  868  452  180  121  36  18  2  1  2  0  0  0  0  0  0  0  0  0  0  0  0  0  
1  0  21  226  1179  6083  23067  70182  170654  341340  573004  812133  996948  1.07363e+06  1.03506e+06  904682  726970  544268  384290  258089  166225  102893  62026  36396  20857  11639  6262  3440  1893  922  445  216  95  41  15  8  2  0  0  1  0  0  0  0  0  0  0  0  0  0  
0  3  33  157  1230  5889  22752  69563  171028  346790  591715  856962  1.07363e+06  1.18455e+06  1.17207e+06  1.05449e+06  874113  676501  494760  343478  231150  149005  93610  57032  34267  19977  11419  6332  3403  1891  1002  478  233  114  50  23  8  2  0  1  1  0  0  0  0  0  0  0  0  0  
0  1  19  158  1013  5018  19230  60830  152126  313418  544888  805972  1.03506e+06  1.17207e+06  1.19177e+06  1.10584e+06  947177  761898  577429  419292  291319  196871  128948  82244  51109  31278  18834  10751  6101  3519  1882  1015  483  247  115  60  22  11  3  0  0  0  0  0  0  0  0  0  0  0  
0  1  13  112  722  3738  15069  47488  122042  255511  453421  685894  904682  1.05449e+06  1.10584e+06  1.06223e+06  945285  786718  622385  470268  341663  240376  164452  109976  71584  45624  28159  17543  10334  6087  3416  1924  1040  535  246  125  47  16  12  3  1  0  0  0  0  0  0  0  0  0  
1  0  5  82  498  2683  10811  34247  88582  190619  345828  536042  726970  874113  947177  945285  872800  756505  624583  492179  373688  274771  196718  137434  94213  62367  40962  26203  16182  9909  5905  3454  1921  1072  510  263  104  48  22  11  6  3  0  0  0  0  0  0  0  0  
0  0  5  40  369  1779  6907  22669  59641  131225  243749  389177  544268  676501  761898  786718  756505  686146  589852  486501  386609  298146  222957  162748  116613  81928  55792  37267  24203  15490  9779  5817  3429  1839  1054  515  281  114  42  14  5  2  0  0  0  0  0  0  0  0  
0  0  3  24  188  1029  4073  14007  37783  84857  162141  266866  384290  494760  577429  622385  624583  589852  530106  458793  380909  308661  241862  185438  138639  101708  72673  50580  34834  23135  14995  9626  5780  3370  1853  1049  481  250  85  40  19  3  0  0  1  0  0  0  0  0  
0  0  0  7  108  551  2328  8066  22653  52061  101784  172884  258089  343478  419292  470268  492179  486501  458793  415460  361361  306712  251896  202737  159077  121609  90638  66703  47892  33335  23111  15000  9784  5699  3392  1849  1028  496  194  109  39  13  1  0  1  0  0  0  0  0  
0  0  0  8  47  312  1255  4521  12835  30415  61248  107338  166225  231150  291319  341663  373688  386609  380909  361361  332650  293976  254645  214368  175364  141140  110238  84566  63299  46521  33029  22604  15108  9586  5971  3432  1892  968  462  204  75  29  9  1  2  0  0  0  0  0  
0  0  0  4  33  141  685  2446  6947  17202  35400  63741  102893  149005  196871  240376  274771  298146  308661  306712  293976  272738  246137  217853  187812  158205  129652  104451  81692  62109  46418  33642  23267  15322  9984  6094  3526  1798  889  378  184  52  20  9  2  1  0  0  0  0  
0  0  0  1  10  72  342  1228  3709  9292  19766  36968  62026  93610  128948  164452  196718  222957  241862  251896  254645  246137  234666  216294  195858  172470  148268  124818  102501  82226  63997  48190  34880  24657  16477  10446  6296  3467  1736  823  347  131  42  15  3  0  0  0  0  0  
0  0  0  0  3  32  147  576  1899  4795  10818  21015  36396  57032  82244  109976  137434  162748  185438  202737  214368  217853  216294  210592  197615  182891  165639  145234  125361  104517  85178  67116  51313  37474  26325  17526  11092  6364  3264  1693  747  277  107  24  6  2  1  0  0  0  
0  0  0  2  2  19  70  303  921  2509  5760  11639  20857  34267  51109  71584  94213  116613  138639  159077  175364  187812  195858  197615  196522  189668  179409  166379  148472  130381  111285  92060  73392  56634  40874  28950  18876  11611  6312  3318  1438  573  199  60  19  6  0  0  0  0  
0  0  0  0  2  6  31  152  451  1286  3003  6331  11639  19977  31278  45624  62367  81928  101708  121609  141140  158205  172470  182891  189668  192726  190501  183797  173519  158990  142740  124137  103528  82850  63605  46362  31779  19931  11843  6199  2832  1176  446  129  29  3  4  0  0  0  
0  0  0  0  0  2  20  61  205  667  1520  3324  6262  11419  18834  28159  40962  55792  72673  90638  110238  129652  148268  165639  179409  190501  196360  199859  196262  189390  178067  161360  141818  118625  95249  72863  51967  34490  20663  11487  5710  2479  949  276  68  13  3  1  0  0  
0  0  0  0  0  1  7  34  90  299  732  1657  3440  6332  10751  17543  26203  37267  50580  66703  84566  104451  124818  145234  166379  183797  199859  212108  218034  221424  217786  206885  190286  167058  140896  111871  83318  58055  36710  20856  10378  4584  1808  549  153  29  7  1  0  0  
0  0  0  0  0  1  5  12  43  138  362  868  1893  3403  6101  10334  16182  24203  34834  47892  63299  81692  102501  125361  148472  173519  196262  218034  237230  251552  258531  259048  248179  230067  202354  168710  131900  95422  62408  37160  19516  8904  3519  1077  304  68  13  2  1  0  
0  0  0  0  0  0  3  7  17  62  158  452  922  1891  3519  6087  9909  15490  23135  33335  46521  62109  82226  104517  130381  158990  189390  221424  251552  280364  302090  315613  319116  308459  285210  248490  201323  151720  104595  64222  35339  16418  6828  2219  627  108  26  3  0  0  
0  0  0  0  0  0  2  6  9  28  66  180  445  1002  1882  3416  5905  9779  14995  23111  33029  46418  63997  85178  111285  142740  178067  217786  258531  302090  341404  374334  396197  402027  389284  353162  300101  235264  168156  107302  60349  29252  12047  4076  1137  283  54  6  0  0  
0  0  0  0  0  0  0  0  4  7  39  121  216  478  1015  1924  3454  5817  9626  15000  22604  33642  48190  67116  92060  124137  161360  206885  259048  315613  374334  429492  476632  506985  511408  486607  430346  351392  260610  171913  100123  49888  20936  7495  2262  485  88  15  1  0  
0  0  0  0  0  0  0  1  1  6  15  36  95  233  483  1040  1921  3429  5780  9784  15108  23267  34880  51313  73392  103528  141818  190286  248179  319116  396197  476632  553038  614719  649620  643762  596081  506655  387764  264815  159207  81329  35306  12766  3804  802  152  21  5  0  
0  0  0  0  0  0  0  0  0  3  6  18  41  114  247  535  1072  1839  3370  5699  9586  15322  24657  37474  56634  82850  118625  167058  230067  308459  402027  506985  614719  713314  787235  814971  782333  689536  548145  386229  237723  125182  55530  20213  6203  1372  278  44  3  0  
0  0  0  0  0  0  0  0  1  1  5  2  15  50  115  246  510  1054  1853  3392  5971  9984  16477  26325  40874  63605  95249  140896  202354  285210  389284  511408  649620  787235  905590  975414  971797  886088  727002  526930  334535  180978  82080  30487  9243  2283  429  59  5  0  
0  0  0  0  0  0  0  0  0  0  1  1  8  23  60  125  263  515  1049  1849  3432  6094  10446  17526  28950  46362  72863  111871  168710  248490  353162  486607  643762  814971  975414  1.08921e+06  1.1257e+06  1.06237e+06  897460  670621  434602  240162  111244  42764  13002  3096  607  81  7  0  
0  0  0  0  0  0  0  0  0  0  1  2  2  8  22  47  104  281  481  1028  1892  3526  6296  11092  18876  31779  51967  83318  131900  201323  300101  430346  596081  782333  971797  1.1257e+06  1.20067e+06  1.16945e+06  1.0167e+06  778033  517617  291658  137987  53415  16776  4091  736  118  20  2  
0  0  0  0  0  0  0  0  0  0  1  0  0  2  11  16  48  114  250  496  968  1798  3467  6364  11611  19931  34490  58055  95422  151720  235264  351392  506655  689536  886088  1.06237e+06  1.16945e+06  1.17099e+06  1.04089e+06  816025  554546  318827  152510  60609  18963  4489  954  133  7  0  
0  0  0  0  0  0  0  0  0  0  0  0  0  0  3  12  22  42  85  194  462  889  1736  3264  6312  11843  20663  36710  62408  104595  168156  260610  387764  548145  727002  897460  1.0167e+06  1.04089e+06  954716  763462  527476  307113  150045  60109  19089  4904  974  139  11  1  
0  0  0  0  0  0  0  0  0  0  0  0  1  1  0  3  11  14  40  109  204  378  823  1693  3318  6199  11487  20856  37160  64222  107302  171913  264815  386229  526930  670621  778033  816025  763462  623508  437509  259530  127823  51895  16730  4168  769  103  15  3  
0  0  0  0  0  0  0  0  0  0  0  0  0  1  0  1  6  5  19  39  75  184  347  747  1438  2832  5710  10378  19516  35339  60349  100123  159207  237723  334535  434602  517617  554546  527476  437509  310886  187761  93442  38177  12520  3117  612  103  9  1  
0  0  0  0  0  0  0  0  0  0  0  0  0  0  0  0  3  2  3  13  29  52  131  277  573  1176  2479  4584  8904  16418  29252  49888  81329  125182  180978  240162  291658  318827  307113  259530  187761  114076  57695  23708  7757  1981  385  53  7  0  
0  0  0  0  0  0  0  0  0  0  0  0  0  0  0  0  0  0  0  1  9  20  42  107  199  446  949  1808  3519  6828  12047  20936  35306  55530  82080  111244  137987  152510  150045  127823  93442  57695  29292  12162  3992  1070  210  27  3  1  
0  0  0  0  0  0  0  0  0  0  0  0  0  0  0  0  0  0  0  0  1  9  15  24  60  129  276  549  1077  2219  4076  7495  12766  20213  30487  42764  53415  60609  60109  51895  38177  23708  12162  5080  1641  464  86  18  2  0  
0  0  0  0  0  0  0  0  0  0  0  0  0  0  0  0  0  0  1  1  2  2  3  6  19  29  68  153  304  627  1137  2262  3804  6203  9243  13002  16776  18963  19089  16730  12520  7757  3992  1641  570  145  34  3  0  0  
0  0  0  0  0  0  0  0  0  0  0  0  0  0  0  0  0  0  0  0  0  1  0  2  6  3  13  29  68  108  283  485  802  1372  2283  3096  4091  4489  4904  4168  3117  1981  1070  464  145  32  13  1  0  0  
0  0  0  0  0  0  0  0  0  0  0  0  0  0  0  0  0  0  0  0  0  0  0  1  0  4  3  7  13  26  54  88  152  278  429  607  736  954  974  769  612  385  210  86  34  13  0  1  0  0  
0  0  0  0  0  0  0  0  0  0  0  0  0  0  0  0  0  0  0  0  0  0  0  0  0  0  1  1  2  3  6  15  21  44  59  81  118  133  139  103  103  53  27  18  3  1  1  0  0  0  
0  0  0  0  0  0  0  0  0  0  0  0  0  0  0  0  0  0  0  0  0  0  0  0  0  0  0  0  1  0  0  1  5  3  5  7  20  7  11  15  9  7  3  2  0  0  0  0  0  0  
0  0  0  0  0  0  0  0  0  0  0  0  0  0  0  0  0  0  0  0  0  0  0  0  0  0  0  0  0  0  0  0  0  0  0  0  2  0  1  3  1  0  1  0  0  0  0  0  0  0  
