0  0  0  0  0  0  0  0  0  0  1  1  0  0  0  0  0  0  0  0  0  0  0  0  0  0  0  0  0  0  0  0  0  0  0  0  0  0  0  0  0  0  0  0  0  0  0  0  0  0  
0  0  0  0  0  0  0  0  0  2  0  1  1  1  0  0  0  1  2  0  0  0  0  0  0  0  0  0  0  0  0  0  0  0  0  0  0  0  0  0  0  0  0  0  0  0  0  0  0  0  
0  0  0  0  0  0  1  2  2  7  9  15  15  21  10  16  17  15  12  2  2  2  4  0  1  0  0  1  0  0  0  0  0  0  0  0  0  0  0  0  0  0  0  0  0  0  0  0  0  0  
0  0  0  0  0  1  2  9  31  48  102  105  138  162  169  170  119  92  63  32  31  14  13  6  7  5  5  2  2  1  1  0  0  0  0  0  0  0  0  0  0  0  0  0  0  0  0  0  0  0  
0  0  0  0  0  6  27  72  161  347  570  757  978  987  952  893  795  579  437  306  219  144  112  71  51  28  27  15  4  6  3  3  1  0  1  0  0  0  0  0  0  0  0  0  0  0  0  0  0  0  
0  0  0  1  6  28  108  326  870  1614  2740  3798  4598  4883  4898  4548  3738  2770  2157  1564  1061  756  543  318  239  167  101  80  41  24  15  9  11  5  5  3  0  1  0  0  0  0  0  0  0  0  0  0  0  0  
0  0  1  2  27  108  450  1209  3040  5988  10046  14381  17899  19655  19214  17094  14311  11273  8345  5996  4175  2965  1934  1331  941  660  386  315  184  105  83  60  33  26  16  3  6  2  2  0  0  0  0  0  0  0  0  0  0  0  
0  0  2  9  72  326  1209  3508  9126  18466  30904  43985  54284  59540  58644  52956  44253  34935  26137  19077  13455  9397  6512  4339  2890  2051  1376  874  599  452  264  154  127  76  66  28  21  11  4  4  1  0  0  0  0  0  0  0  0  0  
0  0  2  31  161  870  3040  9126  22602  45151  74974  107680  133898  146621  145314  130608  110670  86942  65827  47919  34382  23874  16555  11411  7863  5407  3717  2588  1694  1128  799  499  375  224  138  83  75  33  11  3  1  4  0  0  0  0  0  0  0  0  
0  2  7  48  347  1614  5988  18466  45151  90324  151615  216991  270030  298349  295361  268739  226823  179426  136807  100396  72327  50821  35707  24946  17370  11877  8277  5752  3825  2653  1850  1257  861  559  367  212  148  95  56  17  8  4  1  0  0  2  0  0  0  0  
1  0  9  102  570  2740  10046  30904  74974  151615  255438  368274  460636  508842  505735  461870  392018  313550  239331  177370  128592  91743  64859  45402  31546  22412  15645  11125  7622  5322  3785  2611  1755  1162  808  514  340  193  114  49  20  6  5  0  1  0  0  0  0  0  
1  1  15  105  757  3798  14381  43985  107680  216991  368274  533578  666516  740990  739966  676721  577030  465935  360148  268353  196932  141478  101225  72226  51629  36195  25803  18387  13291  9336  6756  4640  3282  2260  1603  1041  691  386  214  103  54  21  7  1  0  0  0  0  0  0  
0  1  15  138  978  4598  17899  54284  133898  270030  460636  666516  840714  936318  940679  866978  745227  606454  472965  357303  264885  192714  139844  101420  73228  52697  38359  27155  20057  14638  10558  7690  5525  3750  2625  1820  1140  657  426  198  115  53  13  2  0  0  0  0  0  0  
0  1  21  162  987  4883  19655  59540  146621  298349  508842  740990  936318  1.04567e+06  1.0626e+06  986271  853987  700998  551579  424102  316500  235948  173611  128151  93491  69802  51150  37652  28054  21109  15739  11232  8318  5883  4261  2815  1856  1189  664  376  194  86  34  19  4  2  0  0  0  0  
0  0  10  169  952  4898  19214  58644  145314  295361  505735  739966  940679  1.0626e+06  1.08056e+06  1.01274e+06  887740  735093  588568  457219  349497  263552  196530  148644  111726  83362  62999  47809  36379  27617  20770  15839  11683  8538  6078  4399  2910  1996  1110  577  321  143  56  20  5  1  0  0  0  0  
0  0  16  170  893  4548  17094  52956  130608  268739  461870  676721  866978  986271  1.01274e+06  960694  851455  715829  581218  459668  357007  273981  210001  160890  123664  95307  72742  57378  44559  34262  26742  20736  15663  11711  8742  6233  4439  2876  1802  994  522  206  96  32  12  3  1  0  0  0  
0  0  17  119  795  3738  14311  44253  110670  226823  392018  577030  745227  853987  887740  851455  764184  654073  538918  433529  344310  270537  211650  165779  131350  102837  81159  65059  50984  40782  32902  25924  20487  15762  11787  8688  6329  4086  2585  1557  785  334  145  51  18  1  0  0  0  0  
0  1  15  92  579  2770  11273  34935  86942  179426  313550  465935  606454  700998  735093  715829  654073  569196  479854  393255  318836  255759  205918  165140  133064  107949  87528  71132  58205  47579  39190  31977  25546  20349  15621  11926  8730  5835  3724  2243  1159  567  232  85  25  2  2  0  0  0  
0  2  12  63  437  2157  8345  26137  65827  136807  239331  360148  472965  551579  588568  581218  538918  479854  411548  346192  286814  236718  194076  160677  133147  110635  92438  77404  64259  54052  45892  38034  31535  25707  20508  15917  11658  8055  5253  3291  1665  847  317  107  35  6  1  1  0  0  
0  0  2  32  306  1564  5996  19077  47919  100396  177370  268353  357303  424102  457219  459668  433529  393255  346192  298446  253542  214925  182575  153746  130524  111927  96259  82598  70478  61478  52701  45044  38324  31751  26196  20557  15757  11353  7470  4731  2540  1265  512  142  39  11  3  0  0  0  
0  0  2  31  219  1061  4175  13455  34382  72327  128592  196932  264885  316500  349497  357007  344310  318836  286814  253542  221618  194026  167400  146250  128180  112266  98659  87096  77191  68343  60197  52386  46205  39089  33281  27016  20793  15186  10288  6500  3606  1729  810  280  56  23  1  0  0  0  
0  0  2  14  144  756  2965  9397  23874  50821  91743  141478  192714  235948  263552  273981  270537  255759  236718  214925  194026  172650  153093  137748  124388  111830  100914  91444  82802  75432  68301  61786  54961  48475  42047  34325  27270  20414  14434  9124  5260  2517  1132  392  119  27  2  2  0  0  
0  0  4  13  112  543  1934  6512  16555  35707  64859  101225  139844  173611  196530  210001  211650  205918  194076  182575  167400  153093  142016  130863  120264  111413  103490  96525  90072  83648  77845  71724  65860  59318  52425  44858  36365  27938  19981  13073  7388  3687  1616  522  163  28  3  0  0  0  
0  0  0  6  71  318  1331  4339  11411  24946  45402  72226  101420  128151  148644  160890  165779  165140  160677  153746  146250  137748  130863  122744  116745  111169  105607  100915  96628  92280  88781  83388  77974  72459  65852  57754  47713  37954  27488  17990  10600  5292  2399  785  222  50  14  2  0  0  
0  0  1  7  51  239  941  2890  7863  17370  31546  51629  73228  93491  111726  123664  131350  133064  133147  130524  128180  124388  120264  116745  114172  110620  108209  105516  103069  101926  99841  97535  93636  89256  83066  75085  64018  51125  38115  25556  14977  7683  3287  1202  378  75  16  0  0  0  
0  0  0  5  28  167  660  2051  5407  11877  22412  36195  52697  69802  83362  95307  102837  107949  110635  111927  112266  111830  111413  111169  110620  110470  111117  111900  112688  113800  114910  114391  113663  110440  105447  96530  84883  69627  52467  35747  21655  11129  4859  1871  544  110  23  4  1  0  
0  0  0  5  27  101  386  1376  3717  8277  15645  25803  38359  51150  62999  72742  81159  87528  92438  96259  98659  100914  103490  105607  108209  111117  114044  117886  121223  126535  130492  133795  136401  136669  133712  126066  113182  95126  73037  50331  30459  16114  7457  2658  832  182  32  4  0  0  
0  0  1  2  15  80  315  874  2588  5752  11125  18387  27155  37652  47809  57378  65059  71132  77404  82598  87096  91444  96525  100915  105516  111900  117886  124646  132260  140942  149482  158695  165901  170810  171805  165266  151931  129361  101103  71403  43960  23585  10357  3896  1189  281  47  9  0  0  
0  0  0  2  4  41  184  599  1694  3825  7622  13291  20057  28054  36379  44559  50984  58205  64259  70478  77191  82802  90072  96628  103069  112688  121223  132260  144416  157696  172018  187625  202879  213778  219130  216606  203168  176746  140823  99873  62928  33989  15468  5759  1762  444  85  11  1  0  
0  0  0  1  6  24  105  452  1128  2653  5322  9336  14638  21109  27617  34262  40782  47579  54052  61478  68343  75432  83648  92280  101926  113800  126535  140942  157696  177696  199755  222875  247348  268054  281868  285068  272348  241496  194942  140691  89153  48357  22376  8282  2649  605  124  31  2  0  
0  0  0  1  3  15  83  264  799  1850  3785  6756  10558  15739  20770  26742  32902  39190  45892  52701  60197  68301  77845  88781  99841  114910  130492  149482  172018  199755  231074  265683  300327  333592  359909  370914  361661  325908  266895  195430  125443  68805  32066  12112  3758  935  168  25  2  1  
0  0  0  0  3  9  60  154  499  1257  2611  4640  7690  11232  15839  20736  25924  31977  38034  45044  52386  61786  71724  83388  97535  114391  133795  158695  187625  222875  265683  313608  363811  413490  455644  479299  472403  432731  360079  266175  172922  95313  44259  17126  5319  1305  255  29  4  0  
0  0  0  0  1  11  33  127  375  861  1755  3282  5525  8318  11683  15663  20487  25546  31535  38324  46205  54961  65860  77974  93636  113663  136401  165901  202879  247348  300327  363811  432932  504536  565828  605442  609562  566110  476340  355854  233410  130158  60684  23465  7353  1811  353  52  4  0  
0  0  0  0  0  5  26  76  224  559  1162  2260  3750  5883  8538  11711  15762  20349  25707  31751  39089  48475  59318  72459  89256  110440  136669  170810  213778  268054  333592  413490  504536  596902  685328  746794  759569  717324  608251  459091  302002  169160  79926  31094  9659  2336  486  58  9  0  
0  0  0  0  1  5  16  66  138  367  808  1603  2625  4261  6078  8742  11787  15621  20508  26196  33281  42047  52425  65852  83066  105447  133712  171805  219130  281868  359909  455644  565828  685328  799966  881841  911205  865990  744432  565441  374725  211663  100127  39113  12267  3002  621  90  9  0  
0  0  0  0  0  3  3  28  83  212  514  1041  1820  2815  4399  6233  8688  11926  15917  20557  27016  34325  44858  57754  75085  96530  126066  165266  216606  285068  370914  479299  605442  746794  881841  986440  1.03249e+06  990672  857802  657498  438869  248497  118886  46339  14478  3608  691  106  8  0  
0  0  0  0  0  0  6  21  75  148  340  691  1140  1856  2910  4439  6329  8730  11658  15757  20793  27270  36365  47713  64018  84883  113182  151931  203168  272348  361661  472403  609562  759569  911205  1.03249e+06  1.08711e+06  1.05315e+06  919130  708305  475153  270834  129246  50972  16228  3940  731  95  14  2  
0  0  0  0  0  1  2  11  33  95  193  386  657  1189  1996  2876  4086  5835  8055  11353  15186  20414  27938  37954  51125  69627  95126  129361  176746  241496  325908  432731  566110  717324  865990  990672  1.05315e+06  1.0274e+06  901698  698849  471145  270311  129238  51254  16123  3959  746  103  17  3  
0  0  0  0  0  0  2  4  11  56  114  214  426  664  1110  1802  2585  3724  5253  7470  10288  14434  19981  27488  38115  52467  73037  101103  140823  194942  266895  360079  476340  608251  744432  857802  919130  901698  795988  618524  418243  240139  115672  45648  14656  3551  719  119  7  0  
0  0  0  0  0  0  0  4  3  17  49  103  198  376  577  994  1557  2243  3291  4731  6500  9124  13073  17990  25556  35747  50331  71403  99873  140691  195430  266175  355854  459091  565441  657498  708305  698849  618524  483952  328947  189548  90977  35998  11381  2820  583  89  8  1  
0  0  0  0  0  0  0  1  1  8  20  54  115  194  321  522  785  1159  1665  2540  3606  5260  7388  10600  14977  21655  30459  43960  62928  89153  125443  172922  233410  302002  374725  438869  475153  471145  418243  328947  222828  128695  62004  25057  7800  1922  364  48  3  1  
0  0  0  0  0  0  0  0  4  4  6  21  53  86  143  206  334  567  847  1265  1729  2517  3687  5292  7683  11129  16114  23585  33989  48357  68805  95313  130158  169160  211663  248497  270834  270311  240139  189548  128695  75250  35740  14351  4512  1124  231  34  3  0  
0  0  0  0  0  0  0  0  0  1  5  7  13  34  56  96  145  232  317  512  810  1132  1616  2399  3287  4859  7457  10357  15468  22376  32066  44259  60684  79926  100127  118886  129246  129238  115672  90977  62004  35740  17414  6997  2267  557  74  14  3  0  
0  0  0  0  0  0  0  0  0  0  0  1  2  19  20  32  51  85  107  142  280  392  522  785  1202  1871  2658  3896  5759  8282  12112  17126  23465  31094  39113  46339  50972  51254  45648  35998  25057  14351  6997  2758  876  213  41  5  1  0  
0  0  0  0  0  0  0  0  0  0  1  0  0  4  5  12  18  25  35  39  56  119  163  222  378  544  832  1189  1762  2649  3758  5319  7353  9659  12267  14478  16228  16123  14656  11381  7800  4512  2267  876  260  80  15  1  0  0  
0  0  0  0  0  0  0  0  0  2  0  0  0  2  1  3  1  2  6  11  23  27  28  50  75  110  182  281  444  605  935  1305  1811  2336  3002  3608  3940  3959  3551  2820  1922  1124  557  213  80  8  2  0  0  0  
0  0  0  0  0  0  0  0  0  0  0  0  0  0  0  1  0  2  1  3  1  2  3  14  16  23  32  47  85  124  168  255  353  486  621  691  731  746  719  583  364  231  74  41  15  2  2  0  0  0  
0  0  0  0  0  0  0  0  0  0  0  0  0  0  0  0  0  0  1  0  0  2  0  2  0  4  4  9  11  31  25  29  52  58  90  106  95  103  119  89  48  34  14  5  1  0  0  0  0  0  
0  0  0  0  0  0  0  0  0  0  0  0  0  0  0  0  0  0  0  0  0  0  0  0  0  1  0  0  1  2  2  4  4  9  9  8  14  17  7  8  3  3  3  1  0  0  0  0  0  0  
0  0  0  0  0  0  0  0  0  0  0  0  0  0  0  0  0  0  0  0  0  0  0  0  0  0  0  0  0  0  1  0  0  0  0  0  2  3  0  1  1  0  0  0  0  0  0  0  0  0  
