0  0  0  0  0  0  0  0  0  0  0  0  0  0  0  0  0  0  0  0  1  0  1  0  0  0  0  0  0  0  0  0  0  0  0  0  0  0  0  0  0  0  0  0  0  0  0  0  0  0  
0  0  0  0  0  0  0  0  0  0  0  0  0  0  1  1  0  3  0  0  0  0  1  0  0  1  0  0  0  0  0  0  0  0  0  0  0  0  1  0  0  0  0  0  0  0  0  0  0  0  
0  0  0  0  0  0  1  1  2  3  8  10  13  5  8  12  4  5  12  8  4  8  5  0  2  2  0  0  0  0  0  2  2  5  6  4  7  4  3  3  2  2  0  1  0  0  0  0  0  0  
0  0  0  0  0  0  1  6  12  25  40  73  71  89  96  85  73  61  86  52  43  26  27  22  17  20  21  15  26  14  20  21  23  35  30  45  35  33  30  22  21  9  3  1  1  0  0  0  0  0  
0  0  0  0  0  4  9  28  67  149  273  393  485  596  609  544  541  442  381  304  255  216  171  154  130  108  102  101  140  122  154  162  200  219  235  231  225  241  207  166  104  37  35  8  3  1  0  0  0  0  
0  0  0  0  4  8  41  179  368  758  1283  1924  2423  2729  2938  2775  2490  2110  1800  1475  1204  988  779  800  630  568  520  582  570  645  692  786  935  1085  1215  1299  1328  1190  1057  798  542  294  128  61  21  4  0  0  0  0  
0  0  1  1  9  41  178  602  1468  2979  4970  7362  9326  10603  11182  10812  9587  8155  6935  5644  4693  3853  3357  2890  2460  2241  2218  2297  2257  2567  2724  3081  3561  4014  4564  4923  5087  4652  4061  2995  1986  1173  478  201  58  17  1  1  0  0  
0  0  1  6  28  179  602  1802  4370  8828  15564  22857  29254  33093  34144  32800  29530  25345  21324  17641  14373  12031  10132  8656  7864  7098  6731  6796  7090  7673  8501  9587  11002  12419  14031  15089  15353  14478  12484  9257  6138  3431  1646  616  225  56  9  0  0  0  
0  0  2  12  67  368  1468  4370  10668  21958  38052  55857  71522  82236  85081  81392  73473  63005  53155  43464  36024  30008  25102  21534  19340  17747  16959  17061  17597  19220  21057  24086  27477  31177  35245  37718  38199  36101  30615  23313  15393  8611  4282  1634  493  125  28  4  0  0  
0  0  3  25  149  758  2979  8828  21958  45176  78162  114587  146643  168162  173753  167133  150393  129453  108370  89134  73367  60999  51289  44212  39436  36258  34745  34803  36091  39084  43453  49246  57165  64597  72054  77373  78662  74209  62750  47836  31443  17616  8543  3241  1019  264  49  4  1  0  
0  0  8  40  273  1283  4970  15564  38052  78162  133278  197727  253261  288535  299705  287777  258441  222688  186765  154771  126744  104896  88399  76499  67779  62809  59903  59747  62511  67024  75089  85469  97896  111588  124852  134104  135985  127949  108995  82629  54399  30432  14643  5620  1828  458  92  14  0  0  
0  0  10  73  393  1924  7362  22857  55857  114587  197727  288312  372848  424392  440533  423685  381719  328684  274939  226755  187053  154353  129176  111771  100083  92545  88530  88369  91683  99347  110959  126243  144604  165023  185074  198920  201592  189914  161987  122850  80951  45446  21672  8503  2633  683  133  20  4  0  
0  0  13  71  485  2423  9326  29254  71522  146643  253261  372848  478272  546947  565044  543315  489685  421416  353217  292305  240502  197859  167050  144537  128840  119165  114110  114530  118445  128284  143044  162824  186831  213533  239658  256916  261751  245854  208777  159127  104911  59376  28077  10729  3435  794  153  27  1  0  
0  0  5  89  596  2729  10603  33093  82236  168162  288535  424392  546947  626332  647168  619296  559345  481583  403289  332489  273298  227115  192059  164942  147171  136247  130512  131072  136977  147780  164135  187887  215844  246763  276267  296888  301067  282914  241762  183213  120883  67998  32256  12665  3902  987  178  26  3  0  
0  1  8  96  609  2938  11182  34144  85081  173753  299705  440533  565044  647168  672204  643994  577719  499075  418559  344169  283933  236361  198539  172882  153200  142126  136814  136248  142170  154501  172126  196399  225777  258985  290158  311591  316186  297479  252998  192147  127054  72013  33779  13156  4177  993  192  23  1  0  
0  1  12  85  544  2775  10812  32800  81392  167133  287777  423685  543315  619296  643994  615410  554506  477642  399810  330566  272320  225913  190741  165349  147067  136098  131497  131954  138057  149024  167560  191868  220586  252404  282515  304539  309075  290569  247047  187538  123924  70397  33257  12928  4016  1026  186  30  2  0  
0  0  4  73  541  2490  9587  29530  73473  150393  258441  381719  489685  559345  577719  554506  500726  429534  360634  297235  245072  204553  172069  149149  133559  124490  119473  120704  125526  137343  153869  175791  202933  231877  260865  279006  285339  268589  228611  173226  114532  64818  30845  12104  3708  863  171  23  4  1  
0  3  5  61  442  2110  8155  25345  63005  129453  222688  328684  421416  481583  499075  477642  429534  370236  311007  257692  211854  175300  149205  129467  116036  107385  104203  105477  110762  120605  135530  154818  178955  206653  231632  249570  252962  238687  204337  154879  101895  57712  27197  10835  3464  853  150  15  3  0  
0  0  12  86  381  1800  6935  21324  53155  108370  186765  274939  353217  403289  418559  399810  360634  311007  260188  214835  177908  147979  125739  109916  98093  91585  88841  90153  94624  103850  116566  134611  156678  179540  201225  217662  220930  207951  177873  134773  89626  50734  23966  9170  2948  729  139  24  2  0  
0  0  8  52  304  1475  5644  17641  43464  89134  154771  226755  292305  332489  344169  330566  297235  257692  214835  178906  147690  123451  104666  91445  82419  77102  75549  76682  79873  88663  100237  116012  134855  155119  175571  189201  192068  181294  154735  118310  77948  44343  20930  8245  2567  621  110  19  1  0  
1  0  4  43  255  1204  4693  14373  36024  73367  126744  187053  240502  273298  283933  272320  245072  211854  177908  147690  121348  101847  87728  76346  69418  65888  63600  64920  68846  76321  86955  100951  117819  136217  153934  166454  169181  159445  136754  104031  69117  39043  18302  7230  2317  546  116  21  3  0  
0  0  8  26  216  988  3853  12031  30008  60999  104896  154353  197859  227115  236361  225913  204553  175300  147979  123451  101847  85128  73638  64954  58990  55913  55015  56249  60560  67463  76863  89482  104744  121507  137562  149035  152024  143258  123237  93493  62380  35173  16688  6488  2063  461  96  17  3  0  
1  1  5  27  171  779  3357  10132  25102  51289  88399  129176  167050  192059  198539  190741  172069  149205  125739  104666  87728  73638  63578  56188  51833  49545  48293  50883  54707  60841  69971  81989  96798  112080  127936  138540  141033  133278  114067  86743  57969  32705  15735  6113  1964  463  104  18  0  0  
0  0  0  22  154  800  2890  8656  21534  44212  76499  111771  144537  164942  172882  165349  149149  129467  109916  91445  76346  64954  56188  49928  46274  44679  44462  46607  51042  57530  66698  78628  92555  107820  122270  132878  135946  128520  110428  84119  55694  31409  14727  5843  1880  420  82  10  1  0  
0  0  2  17  130  630  2460  7864  19340  39436  67779  100083  128840  147171  153200  147067  133559  116036  98093  82419  69418  58990  51833  46274  43518  42040  42500  44994  49753  56558  66048  77445  91782  107401  121856  133462  135946  129635  111094  84663  56367  31693  15018  5948  1783  423  90  10  2  1  
0  1  2  20  108  568  2241  7098  17747  36258  62809  92545  119165  136247  142126  136098  124490  107385  91585  77102  65888  55913  49545  44679  42040  41556  41973  45283  49963  57445  67620  79699  94814  111723  127662  139318  143191  135699  116413  88554  58617  33236  15755  6267  1862  466  101  15  0  0  
0  0  0  21  102  520  2218  6731  16959  34745  59903  88530  114110  130512  136814  131497  119473  104203  88841  75549  63600  55015  48293  44462  42500  41973  43088  46776  52373  61494  72058  85807  102004  120731  137843  151148  155523  147339  127268  96133  63641  36104  16905  6627  2136  508  111  13  2  1  
0  0  0  15  101  582  2297  6796  17061  34803  59747  88369  114530  131072  136248  131954  120704  105477  90153  76682  64920  56249  50883  46607  44994  45283  46776  51398  57696  67295  79701  95900  114294  135075  155775  170180  175336  165303  142462  108551  72261  40280  19109  7504  2418  572  107  11  5  0  
0  0  0  26  140  570  2257  7090  17597  36091  62511  91683  118445  136977  142170  138057  125526  110762  94624  79873  68846  60560  54707  51042  49753  49963  52373  57696  66122  76534  90955  109970  132069  156954  180202  197094  202717  192762  165087  125523  83594  47455  22664  8749  2751  677  140  12  1  0  
0  0  0  14  122  645  2567  7673  19220  39084  67024  99347  128284  147780  154501  149024  137343  120605  103850  88663  76321  67463  60841  57530  56558  57445  61494  67295  76534  90034  108439  130063  156876  186348  214351  234787  241523  229729  197070  150290  100146  56456  26762  10540  3227  821  150  19  3  0  
0  0  0  20  154  692  2724  8501  21057  43453  75089  110959  143044  164135  172126  167560  153869  135530  116566  100237  86955  76863  69971  66698  66048  67620  72058  79701  90955  108439  129748  156964  188748  224313  258869  283425  291536  277201  239837  181489  121480  68969  32718  12751  4086  988  195  28  4  0  
0  0  2  21  162  786  3081  9587  24086  49246  85469  126243  162824  187887  196399  191868  175791  154818  134611  116012  100951  89482  81989  78628  77445  79699  85807  95900  109970  130063  156964  189536  229040  272415  313188  343752  354276  337839  290358  221375  147029  83450  39470  15419  4917  1215  233  41  3  1  
0  0  2  23  200  935  3561  11002  27477  57165  97896  144604  186831  215844  225777  220586  202933  178955  156678  134855  117819  104744  96798  92555  91782  94814  102004  114294  132069  156876  188748  229040  277734  329987  379899  416892  430180  409686  351489  269652  178341  101135  48009  18764  5931  1479  267  58  4  0  
0  0  5  35  219  1085  4014  12419  31177  64597  111588  165023  213533  246763  258985  252404  231877  206653  179540  155119  136217  121507  112080  107820  107401  111723  120731  135075  156954  186348  224313  272415  329987  392534  450738  495632  511774  488052  419118  319279  211403  120681  57277  22405  7093  1708  355  41  2  0  
0  0  6  30  235  1215  4564  14031  35245  72054  124852  185074  239658  276267  290158  282515  260865  231632  201225  175571  153934  137562  127936  122270  121856  127662  137843  155775  180202  214351  258869  313188  379899  450738  519542  573828  591293  563027  484346  367942  245627  139220  65906  25858  8253  2049  389  64  7  1  
0  0  4  45  231  1299  4923  15089  37718  77373  134104  198920  256916  296888  311591  304539  279006  249570  217662  189201  166454  149035  138540  132878  133462  139318  151148  170180  197094  234787  283425  343752  416892  495632  573828  632568  651230  620073  532960  406855  271239  153714  73054  28443  9067  2215  458  72  10  1  
0  0  7  35  225  1328  5087  15353  38199  78662  135985  201592  261751  301067  316186  309075  285339  252962  220930  192068  169181  152024  141033  135946  135946  143191  155523  175336  202717  241523  291536  354276  430180  511774  591293  651230  672694  641557  549437  419815  280024  158593  75261  29547  9232  2348  426  55  0  1  
0  0  4  33  241  1190  4652  14478  36101  74209  127949  189914  245854  282914  297479  290569  268589  238687  207951  181294  159445  143258  133278  128520  129635  135699  147339  165303  192762  229729  277201  337839  409686  488052  563027  620073  641557  608472  525143  399272  266084  149943  71559  28150  8706  2133  403  66  8  0  
0  1  3  30  207  1057  4061  12484  30615  62750  108995  161987  208777  241762  252998  247047  228611  204337  177873  154735  136754  123237  114067  110428  111094  116413  127268  142462  165087  197070  239837  290358  351489  419118  484346  532960  549437  525143  451532  343499  229026  129244  61650  24263  7621  1829  379  42  7  0  
0  0  3  22  166  798  2995  9257  23313  47836  82629  122850  159127  183213  192147  187538  173226  154879  134773  118310  104031  93493  86743  84119  84663  88554  96133  108551  125523  150290  181489  221375  269652  319279  367942  406855  419815  399272  343499  262166  174839  99068  47372  18737  5688  1361  272  28  4  1  
0  0  2  21  104  542  1986  6138  15393  31443  54399  80951  104911  120883  127054  123924  114532  101895  89626  77948  69117  62380  57969  55694  56367  58617  63641  72261  83594  100146  121480  147029  178341  211403  245627  271239  280024  266084  229026  174839  116380  65259  31422  12314  3820  906  178  36  2  0  
0  0  2  9  37  294  1173  3431  8611  17616  30432  45446  59376  67998  72013  70397  64818  57712  50734  44343  39043  35173  32705  31409  31693  33236  36104  40280  47455  56456  68969  83450  101135  120681  139220  153714  158593  149943  129244  99068  65259  37460  17477  6920  2172  554  111  15  2  0  
0  0  0  3  35  128  478  1646  4282  8543  14643  21672  28077  32256  33779  33257  30845  27197  23966  20930  18302  16688  15735  14727  15018  15755  16905  19109  22664  26762  32718  39470  48009  57277  65906  73054  75261  71559  61650  47372  31422  17477  8264  3185  992  256  47  8  0  0  
0  0  1  1  8  61  201  616  1634  3241  5620  8503  10729  12665  13156  12928  12104  10835  9170  8245  7230  6488  6113  5843  5948  6267  6627  7504  8749  10540  12751  15419  18764  22405  25858  28443  29547  28150  24263  18737  12314  6920  3185  1164  452  98  27  1  1  0  
0  0  0  1  3  21  58  225  493  1019  1828  2633  3435  3902  4177  4016  3708  3464  2948  2567  2317  2063  1964  1880  1783  1862  2136  2418  2751  3227  4086  4917  5931  7093  8253  9067  9232  8706  7621  5688  3820  2172  992  452  116  36  4  1  0  0  
0  0  0  0  1  4  17  56  125  264  458  683  794  987  993  1026  863  853  729  621  546  461  463  420  423  466  508  572  677  821  988  1215  1479  1708  2049  2215  2348  2133  1829  1361  906  554  256  98  36  18  2  0  0  0  
0  0  0  0  0  0  1  9  28  49  92  133  153  178  192  186  171  150  139  110  116  96  104  82  90  101  111  107  140  150  195  233  267  355  389  458  426  403  379  272  178  111  47  27  4  2  2  0  0  0  
0  0  0  0  0  0  1  0  4  4  14  20  27  26  23  30  23  15  24  19  21  17  18  10  10  15  13  11  12  19  28  41  58  41  64  72  55  66  42  28  36  15  8  1  1  0  0  0  0  0  
0  0  0  0  0  0  0  0  0  1  0  4  1  3  1  2  4  3  2  1  3  3  0  1  2  0  2  5  1  3  4  3  4  2  7  10  0  8  7  4  2  2  0  1  0  0  0  0  0  0  
0  0  0  0  0  0  0  0  0  0  0  0  0  0  0  0  1  0  0  0  0  0  0  0  1  0  1  0  0  0  0  1  0  0  1  1  1  0  0  1  0  0  0  0  0  0  0  0  0  0  
