0  0  0  0  0  0  0  0  0  0  0  0  0  0  0  0  0  0  0  1  0  0  0  0  0  0  0  0  0  0  0  0  0  0  1  0  0  0  0  0  0  0  0  0  0  0  0  0  0  0  
0  0  0  0  0  0  0  0  0  0  0  1  0  0  1  2  1  0  0  0  1  0  0  0  0  0  0  1  0  0  0  0  1  0  0  0  0  0  0  0  0  0  0  0  0  0  0  0  0  0  
0  0  0  0  0  0  0  0  2  4  5  9  9  7  12  5  9  14  6  9  3  5  2  0  3  2  1  0  1  1  1  1  3  5  3  2  6  7  5  3  3  4  2  0  0  0  0  0  0  0  
0  0  0  0  0  0  1  1  10  23  38  58  72  74  72  72  79  61  55  40  36  31  31  22  27  19  17  10  24  19  19  35  54  34  45  48  47  52  38  34  19  8  2  3  0  0  0  0  0  0  
0  0  0  0  2  6  12  24  66  120  237  335  440  513  555  464  455  382  312  280  230  203  143  135  144  131  132  126  125  150  165  186  194  250  320  335  341  302  255  192  136  85  42  19  8  0  0  0  0  0  
0  0  0  0  6  12  57  140  321  711  1098  1630  2138  2416  2562  2394  2216  1884  1535  1283  1156  958  730  594  675  574  599  638  677  749  866  1004  1188  1224  1479  1599  1705  1583  1287  982  679  383  180  82  30  2  0  0  0  0  
0  0  0  1  12  57  192  480  1239  2450  4315  6422  8220  9526  9706  9284  8409  7252  6198  5148  4310  3499  2991  2603  2450  2288  2276  2303  2571  2785  3227  3797  4439  5108  5718  6251  6474  5917  5224  3960  2564  1471  705  302  94  19  6  1  0  0  
0  0  0  1  24  140  480  1548  3684  7716  13309  19427  25527  29007  30276  29132  26045  22501  18985  15772  13115  11156  9530  8136  7586  6999  7076  7298  7702  8643  9956  11497  13619  15468  17535  19425  19414  18461  15981  12015  7915  4620  2187  883  256  70  13  2  0  0  
0  0  2  10  66  321  1239  3684  9418  19204  33150  49069  62398  71724  74202  70799  64832  55831  46812  39743  32741  27096  23082  20276  18477  17897  17475  18021  19565  21596  24818  29091  33828  39086  44088  48000  49144  46285  39763  30098  19856  11135  5399  2119  665  150  38  3  0  0  
0  0  4  23  120  711  2450  7716  19204  39516  67466  99437  128444  146604  151880  145938  131865  114758  96052  80029  66285  56067  47711  42133  38109  36161  35867  36473  39851  44266  50871  59835  69516  80539  91356  98304  100376  95396  81406  61974  40824  23239  10793  4131  1344  345  69  15  0  0  
0  0  5  38  237  1098  4315  13309  33150  67466  117244  171755  220857  252337  263232  252591  227328  196886  164864  137678  114498  96275  81956  72523  65748  62827  61607  63420  68361  76264  87972  102056  119840  138923  156685  170494  174535  164135  140698  107183  70071  39864  18758  7463  2401  532  142  19  1  0  
0  1  9  58  335  1630  6422  19427  49069  99437  171755  253664  326337  372063  387360  371278  333850  289130  243600  203027  167929  141183  120789  106604  97272  92298  91401  93981  101078  113316  129358  151136  176370  205183  232335  252499  256728  243239  206852  157877  104499  59055  28065  10911  3385  790  159  16  4  0  
0  0  9  72  440  2138  8220  25527  62398  128444  220857  326337  418848  478723  497409  477345  430420  371829  312790  260265  217203  181144  155470  136933  125309  119429  117578  121051  130483  145848  166640  194962  228771  264898  299267  324169  331939  313374  267579  203829  134980  76223  36287  14028  4422  1046  212  27  4  0  
0  0  7  74  513  2416  9526  29007  71724  146604  252337  372063  478723  547476  567682  545845  491147  425592  359099  297450  247800  207490  178507  157130  144057  135712  133972  139905  149437  167782  192265  224073  261763  303923  344196  373605  381725  359940  308358  234720  154369  87209  41582  16248  5178  1183  251  22  1  1  
0  1  12  72  555  2562  9706  30276  74202  151880  263232  387360  497409  567682  589188  565986  512545  441813  372274  309680  257304  215607  185499  163487  149638  140834  140395  146146  155640  174109  199409  233738  273305  317192  360167  389541  397707  375155  321648  244113  161835  91725  43356  16951  5435  1343  222  38  5  0  
0  2  5  72  464  2394  9284  29132  70799  145938  252591  371278  477345  545845  565986  544940  491243  425139  357418  297325  246689  207820  177868  157764  144151  136812  136004  140635  150535  168782  192569  225748  264670  307326  347330  377740  384157  364400  312246  236904  157517  89136  41885  16458  5169  1255  229  27  4  0  
0  1  9  79  455  2216  8409  26045  64832  131865  227328  333850  430420  491147  512545  491243  443820  385103  323634  269526  223764  188468  160911  142691  130740  125058  122699  128072  137325  153993  176595  205381  241544  281199  318016  344623  352039  333032  285433  216293  144089  80835  38262  15051  4647  1189  226  37  1  0  
0  0  14  61  382  1884  7252  22501  55831  114758  196886  289130  371829  425592  441813  425139  385103  331798  279593  233583  193929  162482  139195  124485  113609  108466  107372  111250  120707  134914  154397  180214  211482  245971  279619  303370  310420  293239  250451  190358  126015  71093  33643  13346  4147  1028  191  25  6  0  
0  0  6  55  312  1535  6198  18985  46812  96052  164864  243600  312790  359099  372274  357418  323634  279593  235638  195903  163402  138012  118682  105041  96137  91966  91373  95345  102994  115367  132607  153834  182373  212344  240472  261300  265977  251129  215442  164313  109044  61628  29437  11459  3649  857  160  23  2  0  
1  0  9  40  280  1283  5148  15772  39743  80029  137678  203027  260265  297450  309680  297325  269526  233583  195903  162250  136217  115156  99111  88058  81201  77737  76806  80542  86769  97323  112243  131808  154715  180047  205305  222700  227532  215377  184951  140502  93024  52214  25010  9788  3095  773  146  24  1  0  
0  1  3  36  230  1156  4310  13115  32741  66285  114498  167929  217203  247800  257304  246689  223764  193929  163402  136217  113694  95992  82885  73618  67873  65007  65032  67783  73777  83791  96261  113522  133013  154167  175758  191735  195984  186033  159210  121011  79783  45119  21537  8420  2603  687  117  11  1  0  
0  0  5  31  203  958  3499  11156  27096  56067  96275  141183  181144  207490  215607  207820  188468  162482  138012  115156  95992  81494  70420  63152  57548  55791  56119  58704  64152  71746  84267  98016  115666  135399  153916  167146  171277  162465  139393  105279  70625  39727  18863  7402  2353  548  108  16  4  0  
0  0  2  31  143  730  2991  9530  23082  47711  81956  120789  155470  178507  185499  177868  160911  139195  118682  99111  82885  70420  61414  54770  50478  49347  49560  51950  57201  64674  74974  88154  104435  121891  139279  151638  154441  146507  125940  95310  63658  35904  16898  6510  2155  524  103  18  1  0  
0  0  0  22  135  594  2603  8136  20276  42133  72523  106604  136933  157130  163487  157764  142691  124485  105041  88058  73618  63152  54770  48818  45677  44671  44947  47724  52139  59437  69521  82037  96489  113739  128910  140592  144972  137115  117832  89583  59724  33641  15889  6096  1899  441  97  17  1  0  
0  0  3  27  144  675  2450  7586  18477  38109  65748  97272  125309  144057  149638  144151  130740  113609  96137  81201  67873  57548  50478  45677  43310  41976  42600  45544  50206  57515  66317  78940  94256  109859  125916  137134  140216  133575  114572  87036  57760  32827  15633  6156  1863  449  86  16  0  0  
0  0  2  19  131  574  2288  6999  17897  36161  62827  92298  119429  135712  140834  136812  125058  108466  91966  77737  65007  55791  49347  44671  41976  41422  42278  45006  49883  57379  66786  79993  95232  111596  127329  139569  142609  135617  116344  88970  58880  33356  15891  6225  1953  457  95  19  1  0  
0  0  1  17  132  599  2276  7076  17475  35867  61607  91401  117578  133972  140395  136004  122699  107372  91373  76806  65032  56119  49560  44947  42600  42278  43274  46286  51688  60069  70829  83758  100573  118088  134497  146394  150561  143290  123145  93312  62100  35320  16499  6598  2125  510  83  17  2  0  
0  1  0  10  126  638  2303  7298  18021  36473  63420  93981  121051  139905  146146  140635  128072  111250  95345  80542  67783  58704  51950  47724  45544  45006  46286  50294  56106  65074  77031  91105  109733  128756  147750  161658  166004  157674  135333  102886  68536  38714  18420  7244  2319  547  117  16  5  0  
0  0  1  24  125  677  2571  7702  19565  39851  68361  101078  130483  149437  155640  150535  137325  120707  102994  86769  73777  64152  57201  52139  50206  49883  51688  56106  63148  73165  86972  103650  124068  146210  167449  183408  188944  180642  153102  116810  78122  43987  21127  8259  2545  618  134  13  1  0  
0  0  1  19  150  749  2785  8643  21596  44266  76264  113316  145848  167782  174109  168782  153993  134914  115367  97323  83791  71746  64674  59437  57515  57379  60069  65074  73165  84990  101424  120991  145045  171181  196650  215553  220235  209209  180425  137994  92287  51908  24604  9589  3095  758  141  22  3  0  
0  0  1  19  165  866  3227  9956  24818  50871  87972  129358  166640  192265  199409  192569  176595  154397  132607  112243  96261  84267  74974  69521  66317  66786  70829  77031  86972  101424  120318  143703  172644  203917  234893  257362  264822  250216  216002  164265  109718  62488  29373  11581  3600  913  176  19  3  0  
0  0  1  35  186  1004  3797  11497  29091  59835  102056  151136  194962  224073  233738  225748  205381  180214  153834  131808  113522  98016  88154  82037  78940  79993  83758  91105  103650  120991  143703  172010  207542  245180  282401  308738  319546  302854  259866  198284  131659  73917  35389  13962  4422  1091  186  35  1  0  
0  1  3  54  194  1188  4439  13619  33828  69516  119840  176370  228771  261763  273305  264670  241544  211482  182373  154715  133013  115666  104435  96489  94256  95232  100573  109733  124068  145045  172644  207542  248260  295096  339069  372329  383645  364881  313261  238698  159039  89578  42716  16678  5149  1311  254  33  5  1  
0  0  5  34  250  1224  5108  15468  39086  80539  138923  205183  264898  303923  317192  307326  281199  245971  212344  180047  154167  135399  121891  113739  109859  111596  118088  128756  146210  171181  203917  245180  295096  347904  401330  439425  454687  432220  370860  283272  187925  106250  50504  19669  6058  1454  284  51  5  2  
1  0  3  45  320  1479  5718  17535  44088  91356  156685  232335  299267  344196  360167  347330  318016  279619  240472  205305  175758  153916  139279  128910  125916  127329  134497  147750  167449  196650  234893  282401  339069  401330  461348  507667  521167  495698  425255  324504  216449  122518  58656  22886  7160  1798  380  53  8  0  
0  0  2  48  335  1599  6251  19425  48000  98304  170494  252499  324169  373605  389541  377740  344623  303370  261300  222700  191735  167146  151638  140592  137134  139569  146394  161658  183408  215553  257362  308738  372329  439425  507667  556916  573015  543970  467584  356225  237233  135100  63818  24988  7839  1957  380  66  3  1  
0  0  6  47  341  1705  6474  19414  49144  100376  174535  256728  331939  381725  397707  384157  352039  310420  265977  227532  195984  171277  154441  144972  140216  142609  150561  166004  188944  220235  264822  319546  383645  454687  521167  573015  591494  562517  481382  366545  243521  138227  65002  25911  8086  2007  400  46  10  0  
0  0  7  52  302  1583  5917  18461  46285  95396  164135  243239  313374  359940  375155  364400  333032  293239  251129  215377  186033  162465  146507  137115  133575  135617  143290  157674  180642  209209  250216  302854  364881  432220  495698  543970  562517  533126  457946  349329  231106  130748  62607  24176  7557  1910  355  58  3  1  
0  0  5  38  255  1287  5224  15981  39763  81406  140698  206852  267579  308358  321648  312246  285433  250451  215442  184951  159210  139393  125940  117832  114572  116344  123145  135333  153102  180425  216002  259866  313261  370860  425255  467584  481382  457946  394060  299520  199829  112368  53451  21033  6644  1631  317  44  4  1  
0  0  3  34  192  982  3960  12015  30098  61974  107183  157877  203829  234720  244113  236904  216293  190358  164313  140502  121011  105279  95310  89583  87036  88970  93312  102886  116810  137994  164265  198284  238698  283272  324504  356225  366545  349329  299520  228062  151995  86298  40896  15918  5032  1227  230  38  4  1  
0  0  3  19  136  679  2564  7915  19856  40824  70071  104499  134980  154369  161835  157517  144089  126015  109044  93024  79783  70625  63658  59724  57760  58880  62100  68536  78122  92287  109718  131659  159039  187925  216449  237233  243521  231106  199829  151995  100448  57174  27021  10582  3325  795  182  24  1  0  
0  0  4  8  85  383  1471  4620  11135  23239  39864  59055  76223  87209  91725  89136  80835  71093  61628  52214  45119  39727  35904  33641  32827  33356  35320  38714  43987  51908  62488  73917  89578  106250  122518  135100  138227  130748  112368  86298  57174  32794  15599  5998  1927  464  84  10  1  0  
0  0  2  2  42  180  705  2187  5399  10793  18758  28065  36287  41582  43356  41885  38262  33643  29437  25010  21537  18863  16898  15889  15633  15891  16499  18420  21127  24604  29373  35389  42716  50504  58656  63818  65002  62607  53451  40896  27021  15599  7294  2837  939  222  42  7  0  0  
0  0  0  3  19  82  302  883  2119  4131  7463  10911  14028  16248  16951  16458  15051  13346  11459  9788  8420  7402  6510  6096  6156  6225  6598  7244  8259  9589  11581  13962  16678  19669  22886  24988  25911  24176  21033  15918  10582  5998  2837  1082  375  93  13  2  0  0  
0  0  0  0  8  30  94  256  665  1344  2401  3385  4422  5178  5435  5169  4647  4147  3649  3095  2603  2353  2155  1899  1863  1953  2125  2319  2545  3095  3600  4422  5149  6058  7160  7839  8086  7557  6644  5032  3325  1927  939  375  106  23  7  2  0  0  
0  0  0  0  0  2  19  70  150  345  532  790  1046  1183  1343  1255  1189  1028  857  773  687  548  524  441  449  457  510  547  618  758  913  1091  1311  1454  1798  1957  2007  1910  1631  1227  795  464  222  93  23  8  1  0  0  0  
0  0  0  0  0  0  6  13  38  69  142  159  212  251  222  229  226  191  160  146  117  108  103  97  86  95  83  117  134  141  176  186  254  284  380  380  400  355  317  230  182  84  42  13  7  1  0  0  0  0  
0  0  0  0  0  0  1  2  3  15  19  16  27  22  38  27  37  25  23  24  11  16  18  17  16  19  17  16  13  22  19  35  33  51  53  66  46  58  44  38  24  10  7  2  2  0  0  0  0  0  
0  0  0  0  0  0  0  0  0  0  1  4  4  1  5  4  1  6  2  1  1  4  1  1  0  1  2  5  1  3  3  1  5  5  8  3  10  3  4  4  1  1  0  0  0  0  0  0  0  0  
0  0  0  0  0  0  0  0  0  0  0  0  0  1  0  0  0  0  0  0  0  0  0  0  0  0  0  0  0  0  0  0  1  2  0  1  0  1  1  1  0  0  0  0  0  0  0  0  0  0  
