0  0  0  0  0  0  0  0  0  1  0  0  0  1  0  0  0  0  0  0  0  0  0  0  0  0  0  0  0  0  0  0  0  0  0  0  0  0  0  0  0  0  0  0  0  0  0  0  0  0  
0  0  0  0  0  0  0  0  0  0  1  1  1  0  1  0  1  1  0  0  0  1  0  0  0  0  0  0  0  0  0  1  0  0  0  0  0  0  0  0  0  0  0  0  0  0  0  0  0  0  
0  0  0  0  0  0  0  0  1  6  7  16  12  8  14  18  14  18  10  10  5  7  2  0  2  1  1  0  0  1  0  0  0  0  1  0  0  0  0  0  0  0  0  0  0  0  0  0  0  0  
0  0  0  0  0  0  2  7  19  31  70  98  130  151  157  128  140  93  88  49  33  36  27  20  12  15  4  4  6  0  3  2  1  2  0  0  0  1  1  0  0  0  0  0  0  0  0  0  0  0  
0  0  0  0  0  7  17  49  122  241  431  675  835  966  943  845  699  696  481  351  289  225  154  142  103  71  51  27  25  22  22  16  17  10  8  4  1  5  1  1  0  0  0  0  0  0  0  0  0  0  
0  0  0  0  7  24  87  278  686  1269  2197  3285  3949  4605  4564  4382  3688  3030  2348  1856  1364  1116  820  583  469  338  244  201  160  115  80  72  44  52  43  28  15  15  4  5  1  2  0  0  0  0  0  0  0  0  
0  0  0  2  17  87  372  1029  2510  4957  8413  12330  15814  17586  17703  16496  14500  11852  9131  7093  5454  4116  3086  2377  1765  1369  958  753  578  471  360  277  212  174  129  102  71  51  31  17  16  5  1  1  0  0  0  0  0  0  
0  0  0  7  49  278  1029  3112  7713  15321  26040  37938  47858  53878  54401  50915  44275  36469  28739  22249  16791  12668  9627  7285  5477  4230  3164  2432  1919  1462  1212  921  666  555  446  350  236  162  115  71  42  20  5  6  1  0  0  0  0  0  
0  0  1  19  122  686  2510  7713  18456  38112  64666  93545  118250  132925  134841  125801  109118  90340  72199  55354  42308  32036  24111  18346  13912  10808  8109  6332  4951  3907  3080  2439  1891  1484  1185  919  700  427  320  179  116  50  21  8  2  1  0  0  0  0  
1  0  6  31  241  1269  4957  15321  38112  76682  130434  190179  241661  270149  274308  256637  224223  185311  148661  114782  87851  66211  49964  38134  29029  22254  17154  13584  10767  8552  6800  5393  4429  3372  2675  2101  1553  1058  679  488  267  121  53  15  3  3  1  0  0  0  
0  1  7  70  431  2197  8413  26040  64666  130434  223616  325148  412483  463103  472236  441293  387247  318765  255969  199119  152362  115861  87683  66818  51381  39561  30807  24350  19198  15491  12582  9982  8180  6638  5218  3977  2923  2113  1522  888  487  233  117  35  9  2  0  0  0  0  
0  1  16  98  675  3285  12330  37938  93545  190179  325148  472518  601420  679448  691834  648775  567445  471221  377918  295587  227427  173010  131907  101601  78089  61102  47529  37841  30340  24231  20063  16080  13201  10710  8800  6817  5185  3854  2436  1597  909  408  186  59  17  3  2  1  0  0  
0  1  12  130  835  3949  15814  47858  118250  241661  412483  601420  765716  864470  881515  828707  728856  606273  488878  381803  295671  228200  175105  135500  104706  81855  65002  51795  41899  34323  28519  23234  19365  15750  13031  10219  7777  5717  3903  2483  1379  699  282  105  40  6  3  1  0  0  
1  0  8  151  966  4605  17586  53878  132925  270149  463103  679448  864470  976478  998635  939294  829245  694087  560094  441482  344061  266464  206325  160671  126430  99678  79825  64666  52817  43458  36243  30616  25875  21451  17776  14063  11229  8379  5725  3624  2090  1002  443  141  52  11  0  0  0  0  
0  1  14  157  943  4564  17703  54401  134841  274308  472236  691834  881515  998635  1.02536e+06  966861  853118  720670  584780  464079  363815  283802  221684  174136  138372  110712  89667  73451  61183  51149  43677  36949  31710  26607  22541  18652  14653  10983  7841  5026  2949  1450  677  237  58  15  4  0  0  0  
0  0  18  128  845  4382  16496  50915  125801  256637  441293  648775  828707  939294  966861  917068  815159  689880  564709  453755  358967  280478  221647  176170  142065  115211  94375  79774  65899  56734  48803  42681  37089  32010  27188  22910  18349  14188  10015  6604  3946  1948  884  279  98  27  5  1  0  0  
0  1  14  140  699  3688  14500  44275  109118  224223  387247  567445  728856  829245  853118  815159  726298  621623  513258  415604  330861  263253  210420  169266  138900  114775  95515  80891  69491  60364  53062  46882  41384  36396  31675  27394  22369  17326  12519  8364  4956  2642  1069  375  87  24  2  0  0  0  
0  1  18  93  696  3030  11852  36469  90340  185311  318765  471221  606273  694087  720670  689880  621623  534590  444952  363850  293986  237855  191778  157414  130635  109564  93557  80662  70737  63008  55984  50216  45437  40980  36511  31566  26311  21033  15574  10449  6226  3265  1415  530  142  28  5  1  0  0  
0  0  10  88  481  2348  9131  28739  72199  148661  255969  377918  488878  560094  584780  564709  513258  444952  375112  309033  253525  207838  170977  143115  120749  103187  89913  79478  70559  64683  58488  53468  49477  46108  41750  36718  31325  25234  19001  12878  7543  4096  1782  643  207  47  3  3  0  0  
0  0  10  49  351  1856  7093  22249  55354  114782  199119  295587  381803  441482  464079  453755  415604  363850  309033  259834  216508  180390  151029  128623  110940  96992  86108  77342  70616  65486  60647  57481  53968  50878  47283  42664  37192  30257  23042  15694  9760  5025  2212  828  257  55  9  0  0  0  
0  0  5  33  289  1364  5454  16791  42308  87851  152362  227427  295671  344061  363815  358967  330861  293986  253525  216508  183050  156198  133461  115199  101904  90775  82192  75705  70325  66779  64463  61140  59392  56666  53703  49568  43565  36213  27742  19375  11898  6196  2834  1028  305  75  12  1  0  0  
0  1  7  36  225  1116  4116  12668  32036  66211  115861  173010  228200  266464  283802  280478  263253  237855  207838  180390  156198  133878  118016  104161  93709  85857  79703  74477  70707  68670  67487  65798  64714  63540  61320  57549  51424  43526  34069  24047  14403  7937  3609  1349  403  96  22  7  0  0  
0  0  2  27  154  820  3086  9627  24111  49964  87683  131907  175105  206325  221684  221647  210420  191778  170977  151029  133461  118016  105542  96062  87798  81652  77594  74713  72699  71234  71692  72224  72264  71844  71078  68006  61630  53108  41442  29610  18477  9856  4468  1737  543  123  25  3  0  0  
0  0  0  20  142  583  2377  7285  18346  38134  66818  101601  135500  160671  174136  176170  169266  157414  143115  128623  115199  104161  96062  87506  82978  79315  76585  74893  74679  75845  77059  78546  80589  82212  83052  80875  74999  64752  51844  36666  23071  12453  5601  2173  638  166  36  7  0  0  
0  0  2  12  103  469  1765  5477  13912  29029  51381  78089  104706  126430  138372  142065  138900  130635  120749  110940  101904  93709  87798  82978  78968  77519  76094  76283  77583  80495  83768  88069  91905  96133  98331  96315  91682  80228  64481  46265  29755  15991  7437  2822  865  210  39  8  0  0  
0  0  1  15  71  338  1369  4230  10808  22254  39561  61102  81855  99678  110712  115211  114775  109564  103187  96992  90775  85857  81652  79315  77519  77520  77881  79385  82513  87539  92786  100116  106458  113494  117330  119080  113061  100652  81356  59200  37959  20839  9684  3723  1150  267  53  4  1  0  
0  0  1  4  51  244  958  3164  8109  17154  30807  47529  65002  79825  89667  94375  95515  93557  89913  86108  82192  79703  77594  76585  76094  77881  79280  83649  88497  95934  104052  113655  125512  135252  142626  146030  141062  127488  104348  76625  49356  27263  12728  4803  1579  355  72  6  0  0  
0  0  0  4  27  201  753  2432  6332  13584  24350  37841  51795  64666  73451  79774  80891  80662  79478  77342  75705  74477  74713  74893  76283  79385  83649  89754  97415  107342  119325  133355  148861  163596  176207  182719  179121  162709  134716  99475  64796  36053  16391  6441  1971  499  84  19  0  0  
0  0  0  6  25  160  578  1919  4951  10767  19198  30340  41899  52817  61183  65899  69491  70737  70559  70616  70325  70707  72699  74679  77583  82513  88497  97415  108030  121696  138141  158340  179743  200203  219545  230313  227740  209555  175051  130978  84510  47512  22450  8610  2599  669  111  14  1  1  
0  0  1  0  22  115  471  1462  3907  8552  15491  24231  34323  43458  51149  56734  60364  63008  64683  65486  66779  68670  71234  75845  80495  87539  95934  107342  121696  140132  162221  188983  218384  249235  275783  293073  293792  272902  228983  171203  111995  63451  29508  11583  3568  881  174  22  1  1  
0  0  0  3  22  80  360  1212  3080  6800  12582  20063  28519  36243  43677  48803  53062  55984  58488  60647  64463  67487  71692  77059  83768  92786  104052  119325  138141  162221  193578  227307  268127  309568  347487  373344  378399  352332  298099  224974  147473  83007  38835  15160  4657  1173  205  27  9  0  
0  1  0  2  16  72  277  921  2439  5393  9982  16080  23234  30616  36949  42681  46882  50216  53468  57481  61140  65798  72224  78546  88069  100116  113655  133355  158340  188983  227307  276304  326715  384047  435793  472651  480479  452178  384941  291798  192170  108781  51200  19919  6277  1542  282  38  5  0  
0  0  0  1  17  44  212  666  1891  4429  8180  13201  19365  25875  31710  37089  41384  45437  49477  53968  59392  64714  72264  80589  91905  106458  125512  148861  179743  218384  268127  326715  398278  471924  540168  591600  606191  572547  489438  372059  247408  139011  65962  25595  8120  1996  410  62  4  1  
0  0  0  2  10  52  174  555  1484  3372  6638  10710  15750  21451  26607  32010  36396  40980  46108  50878  56666  63540  71844  82212  96133  113494  135252  163596  200203  249235  309568  384047  471924  564456  653283  718459  742305  707414  608157  462427  307056  173154  82340  32531  10154  2491  507  82  8  1  
0  0  1  0  8  43  129  446  1185  2675  5218  8800  13031  17776  22541  27188  31675  36511  41750  47283  53703  61320  71078  83052  98331  117330  142626  176207  219545  275783  347487  435793  540168  653283  764966  846834  878335  837383  722207  553178  367478  208550  99195  38650  12299  2902  610  92  8  0  
0  0  0  0  4  28  102  350  919  2101  3977  6817  10219  14063  18652  22910  27394  31566  36718  42664  49568  57549  68006  80875  96315  119080  146030  182719  230313  293073  373344  472651  591600  718459  846834  942986  982449  942005  816341  624908  417671  236878  112879  44489  13786  3422  662  94  12  2  
0  0  0  0  1  15  71  236  700  1553  2923  5185  7777  11229  14653  18349  22369  26311  31325  37192  43565  51424  61630  74999  91682  113061  141062  179121  227740  293792  378399  480479  606191  742305  878335  982449  1.02676e+06  990167  859633  659246  440075  249875  119493  47128  14711  3552  712  89  8  0  
0  0  0  1  5  15  51  162  427  1058  2113  3854  5717  8379  10983  14188  17326  21033  25234  30257  36213  43526  53108  64752  80228  100652  127488  162709  209555  272902  352332  452178  572547  707414  837383  942005  990167  955024  830063  639231  428849  243471  116987  45994  14469  3574  736  95  12  1  
0  0  0  1  1  4  31  115  320  679  1522  2436  3903  5725  7841  10015  12519  15574  19001  23042  27742  34069  41442  51844  64481  81356  104348  134716  175051  228983  298099  384941  489438  608157  722207  816341  859633  830063  724246  557555  374524  213924  101851  39924  12656  3028  553  98  7  0  
0  0  0  0  1  5  17  71  179  488  888  1597  2483  3624  5026  6604  8364  10449  12878  15694  19375  24047  29610  36666  46265  59200  76625  99475  130978  171203  224974  291798  372059  462427  553178  624908  659246  639231  557555  429606  289404  165349  78867  30650  9852  2424  491  64  7  0  
0  0  0  0  0  1  16  42  116  267  487  909  1379  2090  2949  3946  4956  6226  7543  9760  11898  14403  18477  23071  29755  37959  49356  64796  84510  111995  147473  192170  247408  307056  367478  417671  440075  428849  374524  289404  194270  111013  52934  20931  6757  1684  293  47  8  0  
0  0  0  0  0  2  5  20  50  121  233  408  699  1002  1450  1948  2642  3265  4096  5025  6196  7937  9856  12453  15991  20839  27263  36053  47512  63451  83007  108781  139011  173154  208550  236878  249875  243471  213924  165349  111013  63246  30194  11942  3875  990  180  25  3  1  
0  0  0  0  0  0  1  5  21  53  117  186  282  443  677  884  1069  1415  1782  2212  2834  3609  4468  5601  7437  9684  12728  16391  22450  29508  38835  51200  65962  82340  99195  112879  119493  116987  101851  78867  52934  30194  14582  5793  1837  426  89  8  1  0  
0  0  0  0  0  0  1  6  8  15  35  59  105  141  237  279  375  530  643  828  1028  1349  1737  2173  2822  3723  4803  6441  8610  11583  15160  19919  25595  32531  38650  44489  47128  45994  39924  30650  20931  11942  5793  2364  705  178  30  12  0  0  
0  0  0  0  0  0  0  1  2  3  9  17  40  52  58  98  87  142  207  257  305  403  543  638  865  1150  1579  1971  2599  3568  4657  6277  8120  10154  12299  13786  14711  14469  12656  9852  6757  3875  1837  705  260  63  12  1  1  0  
0  0  0  0  0  0  0  0  1  3  2  3  6  11  15  27  24  28  47  55  75  96  123  166  210  267  355  499  669  881  1173  1542  1996  2491  2902  3422  3552  3574  3028  2424  1684  990  426  178  63  16  2  0  0  0  
0  0  0  0  0  0  0  0  0  1  0  2  3  0  4  5  2  5  3  9  12  22  25  36  39  53  72  84  111  174  205  282  410  507  610  662  712  736  553  491  293  180  89  30  12  2  0  0  0  0  
0  0  0  0  0  0  0  0  0  0  0  1  1  0  0  1  0  1  3  0  1  7  3  7  8  4  6  19  14  22  27  38  62  82  92  94  89  95  98  64  47  25  8  12  1  0  0  0  0  0  
0  0  0  0  0  0  0  0  0  0  0  0  0  0  0  0  0  0  0  0  0  0  0  0  0  1  0  0  1  1  9  5  4  8  8  12  8  12  7  7  8  3  1  0  1  0  0  0  0  0  
0  0  0  0  0  0  0  0  0  0  0  0  0  0  0  0  0  0  0  0  0  0  0  0  0  0  0  0  1  1  0  0  1  1  0  2  0  1  0  0  0  1  0  0  0  0  0  0  0  0  
