0  0  0  0  0  0  0  0  0  0  0  0  0  0  0  1  0  0  0  0  0  0  0  0  0  0  0  0  0  0  0  0  0  0  1  0  0  0  0  0  0  0  0  0  0  0  0  0  0  0  
0  0  0  0  0  0  0  0  0  0  0  0  0  2  0  0  2  1  0  0  0  1  0  0  0  0  0  0  0  0  0  0  0  1  1  0  0  0  0  0  0  0  0  0  0  0  0  0  0  0  
0  0  0  0  0  0  0  0  1  3  3  10  3  18  9  7  10  9  6  3  7  0  5  1  1  3  2  0  1  4  1  3  5  5  4  3  6  9  1  4  4  2  0  1  0  0  0  0  0  0  
0  0  0  0  0  0  2  9  8  21  38  54  64  64  72  75  67  60  45  39  30  27  25  21  17  20  21  18  19  12  27  31  44  39  58  67  52  56  52  33  20  11  9  1  1  1  0  0  0  0  
0  0  0  0  0  1  9  28  66  100  194  316  408  429  460  483  416  386  302  267  224  180  142  127  128  125  132  120  151  152  212  189  261  304  345  329  377  335  340  212  156  89  30  22  3  2  0  0  0  0  
0  0  0  0  1  8  27  119  300  627  1076  1470  1910  2285  2325  2222  2017  1733  1528  1242  1112  881  679  670  661  592  588  621  662  729  956  1065  1287  1494  1593  1836  1852  1781  1496  1094  764  434  186  81  13  7  1  1  0  0  
0  0  0  2  9  27  168  444  1151  2335  3945  5929  7637  8671  8815  8703  7959  6757  5755  4804  3990  3381  2773  2625  2273  2297  2308  2431  2643  3122  3411  4154  4873  5675  6415  6933  7094  6709  5897  4426  2841  1678  794  274  106  26  4  0  0  0  
0  0  0  9  28  119  444  1450  3499  7106  12198  17912  23195  26470  27665  26691  23828  21037  17674  14833  12344  10416  8821  8036  7464  7067  7075  7534  8125  9228  10925  12692  14922  17457  19847  21415  22175  20765  17915  13843  8948  5161  2467  1000  254  58  15  3  0  0  
0  0  1  8  66  300  1151  3499  8908  17482  30317  44741  57481  66458  68656  66168  59720  51411  43362  36396  30156  25832  22483  19704  18137  17602  17622  18733  20317  23058  26904  31531  37440  43511  49204  53722  54789  52382  44747  33624  22610  12723  6050  2326  731  173  48  10  0  0  
0  0  3  21  100  627  2335  7106  17482  35952  62287  91898  117942  135041  140251  134784  121886  105846  89517  74129  62073  52984  45643  40806  37679  36315  36775  38241  41948  47278  54707  64402  76326  88885  101663  110317  112572  106775  91723  69684  46289  25973  12360  4897  1493  367  77  10  2  0  
0  0  3  38  194  1076  3945  12198  30317  62287  107502  158488  203734  233756  242372  233472  210363  182359  153775  129133  107596  91312  78242  69686  65015  62951  63459  66113  72189  81771  94365  111129  131266  153140  174038  189999  194638  183588  157242  119980  79154  45012  21154  8216  2631  607  106  23  5  0  
0  0  10  54  316  1470  5929  17912  44741  91898  158488  233424  299985  344352  356455  343105  309967  268655  226828  189807  158671  134275  115818  104061  96038  92963  93198  96995  105756  120513  139287  164866  194126  226203  257197  279944  287048  271282  232631  176518  117041  66657  31285  11999  3827  929  217  22  0  0  
0  0  3  64  408  1910  7637  23195  57481  117942  203734  299985  386954  441152  459206  440890  399612  345532  291015  244036  203761  172791  149872  133733  123702  119413  119789  125792  136640  154600  180102  212273  249567  291479  332450  361108  369881  349727  300029  228058  151573  85268  40515  15899  4898  1212  252  32  4  0  
0  2  18  64  429  2285  8671  26470  66458  135041  233756  344352  441152  504932  524506  503579  455666  394482  334529  278607  234165  197663  170867  152851  141776  136697  137204  144185  157283  177967  206104  243655  286620  334924  380710  414224  424325  402767  345324  261792  173960  97892  46406  17994  5668  1359  258  44  5  0  
0  0  9  72  460  2325  8815  27665  68656  140251  242372  356455  459206  524506  547724  524485  474675  412868  347531  290439  242584  205979  177660  158715  147466  142365  142622  150384  163517  184939  214745  253167  298714  348268  397276  431256  442676  417881  358352  273001  180665  101814  48518  19124  5927  1505  294  46  4  0  
1  0  7  75  483  2222  8703  26691  66168  134784  233472  343105  440890  503579  524485  504800  456643  396462  334952  280479  234873  197523  171806  153222  141879  136322  137183  144775  157660  179883  207435  243387  289343  337564  382586  417112  426844  404526  347585  264422  174000  98839  46481  18330  5761  1374  279  30  4  0  
0  2  10  67  416  2017  7959  23828  59720  121886  210363  309967  399612  455666  474675  456643  413596  359674  302239  253815  211641  179145  154971  139010  128537  125243  124559  132232  144098  163724  188650  222780  263213  306266  348767  380563  389444  368487  316555  239860  158744  89652  42872  16668  5351  1246  263  43  0  0  
0  1  9  60  386  1733  6757  21037  51411  105846  182359  268655  345532  394482  412868  396462  359674  311402  263226  219974  184031  155615  134868  120316  111981  108428  109482  115073  125764  142248  164764  194473  228809  267404  305653  332880  340989  323351  275379  209391  139318  78577  37289  14545  4678  1161  201  25  4  0  
0  0  6  45  302  1528  5755  17674  43362  89517  153775  226828  291015  334529  347531  334952  302239  263226  222924  185528  155384  132027  114503  103118  95713  92127  92699  98028  107262  121478  141545  165509  196713  229669  261036  284543  290728  275459  235584  179559  119240  67119  31871  12379  3927  959  189  24  5  0  
0  0  3  39  267  1242  4804  14833  36396  74129  129133  189807  244036  278607  290439  280479  253815  219974  185528  154768  130163  110464  95840  86004  80787  77421  78153  82457  90498  102382  119480  140537  166453  194223  220951  241734  246737  232975  199497  151969  101390  56988  26946  10461  3367  793  163  22  2  2  
0  0  7  30  224  1112  3990  12344  30156  62073  107596  158671  203761  234165  242584  234873  211641  184031  155384  130163  108578  92656  81107  73085  67046  65433  66235  69616  76420  87745  101059  119296  141129  164914  188973  205024  210004  198692  171163  129998  85994  48326  22986  9058  2862  678  131  18  1  0  
0  1  0  27  180  881  3381  10416  25832  52984  91312  134275  172791  197663  205979  197523  179145  155615  132027  110464  92656  78620  69153  61480  57595  56054  56298  60118  66001  75214  86934  102774  122459  142734  163256  177587  181740  172024  147490  111958  74342  42038  20143  7824  2495  610  127  14  0  0  
0  0  5  25  142  679  2773  8821  22483  45643  78242  115818  149872  170867  177660  171806  154971  134868  114503  95840  81107  69153  60110  54205  50664  49058  50040  52918  58157  66383  77731  91356  108083  127695  144883  157904  161337  153482  131486  100356  66604  37686  17939  6975  2238  536  117  17  2  0  
0  0  1  21  127  670  2625  8036  19704  40806  69686  104061  133733  152851  158715  153222  139010  120316  103118  86004  73085  61480  54205  49238  45681  44577  45208  48355  52981  60919  70946  83949  100007  116517  133044  145278  148646  140900  121249  91901  61013  34677  16345  6536  2101  506  84  15  4  0  
0  0  1  17  128  661  2273  7464  18137  37679  65015  96038  123702  141776  147466  141879  128537  111981  95713  80787  67046  57595  50664  45681  42726  41994  42693  45675  50330  57242  67992  80156  95519  111368  128076  139201  142374  134929  115710  88280  58743  33121  15552  6195  1933  497  103  14  5  0  
0  0  3  20  125  592  2297  7067  17602  36315  62951  92963  119413  136697  142365  136322  125243  108428  92127  77421  65433  56054  49058  44577  41994  41484  42061  44813  49969  57456  66935  80219  94943  111462  127400  138883  142666  136016  115645  88214  58458  33079  15604  5965  1979  474  83  13  1  0  
0  0  2  21  132  588  2308  7075  17622  36775  63459  93198  119789  137204  142622  137183  124559  109482  92699  78153  66235  56298  50040  45208  42693  42061  43534  46518  51546  59149  69889  82601  97926  115834  132542  144503  148448  141444  120826  91378  60768  34547  16305  6384  2055  489  93  15  0  0  
0  0  0  18  120  621  2431  7534  18733  38241  66113  96995  125792  144185  150384  144775  132232  115073  98028  82457  69616  60118  52918  48355  45675  44813  46518  49744  55674  62971  74495  89179  106888  125510  143812  157376  161291  153238  130830  99700  66115  37423  17799  6959  2153  503  113  12  1  0  
0  0  1  19  151  662  2643  8125  20317  41948  72189  105756  136640  157283  163517  157660  144098  125764  107262  90498  76420  66001  58157  52981  50330  49969  51546  55674  61048  71587  84388  100262  119218  141006  161568  176608  181252  171459  146779  112619  74578  42219  20057  7964  2414  580  129  16  1  0  
0  0  4  12  152  729  3122  9228  23058  47278  81771  120513  154600  177967  184939  179883  163724  142248  121478  102382  87745  75214  66383  60919  57242  57456  59149  62971  71587  82430  97258  116356  138472  163129  186426  205093  209951  199760  171113  130369  86992  49570  23309  9132  2900  672  136  26  2  0  
0  0  1  27  212  956  3411  10925  26904  54707  94365  139287  180102  206104  214745  207435  188650  164764  141545  119480  101059  86934  77731  70946  67992  66935  69889  74495  84388  97258  114414  136642  164184  193533  222529  242311  249839  237283  202820  154682  103350  58308  27799  10950  3396  880  177  21  2  1  
0  0  3  31  189  1065  4154  12692  31531  64402  111129  164866  212273  243655  253167  243387  222780  194473  165509  140537  119296  102774  91356  83949  80156  80219  82601  89179  100262  116356  136642  163892  196627  231061  265478  290264  298079  282701  243472  185023  122869  69917  33301  12801  3948  1060  181  34  4  0  
0  0  5  44  261  1287  4873  14922  37440  76326  131266  194126  249567  286620  298714  289343  263213  228809  196713  166453  141129  122459  108083  100007  95519  94943  97926  106888  119218  138472  164184  196627  235414  277466  318828  347540  356614  338686  291423  221971  147791  83707  39448  15587  4926  1269  228  33  4  0  
0  1  5  39  304  1494  5675  17457  43511  88885  153140  226203  291479  334924  348268  337564  306266  267404  229669  194223  164914  142734  127695  116517  111368  111462  115834  125510  141006  163129  193533  231061  277466  328114  375027  411414  421875  400021  342862  261241  174588  98983  47150  18168  5803  1390  269  45  7  1  
1  1  4  58  345  1593  6415  19847  49204  101663  174038  257197  332450  380710  397276  382586  348767  305653  261036  220951  188973  163256  144883  133044  128076  127400  132542  143812  161568  186426  222529  265478  318828  375027  429734  469498  484130  458656  394145  300595  199977  112282  54020  21358  6616  1617  321  40  4  0  
0  0  3  67  329  1836  6933  21415  53722  110317  189999  279944  361108  414224  431256  417112  380563  332880  284543  241734  205024  177587  157904  145278  139201  138883  144503  157376  176608  205093  242311  290264  347540  411414  469498  514718  530501  504735  433120  328933  219115  124369  58690  23104  7482  1806  342  48  7  2  
0  0  6  52  377  1852  7094  22175  54789  112572  194638  287048  369881  424325  442676  426844  389444  340989  290728  246737  210004  181740  161337  148646  142374  142666  148448  161291  181252  209951  249839  298079  356614  421875  484130  530501  544832  517782  445154  339953  226291  127858  61086  23849  7471  1864  364  46  7  1  
0  0  9  56  335  1781  6709  20765  52382  106775  183588  271282  349727  402767  417881  404526  368487  323351  275459  232975  198692  172024  153482  140900  134929  136016  141444  153238  171459  199760  237283  282701  338686  400021  458656  504735  517782  493814  423236  321759  214212  121470  57432  22588  7135  1749  308  42  2  1  
0  0  1  52  340  1496  5897  17915  44747  91723  157242  232631  300029  345324  358352  347585  316555  275379  235584  199497  171163  147490  131486  121249  115710  115645  120826  130830  146779  171113  202820  243472  291423  342862  394145  433120  445154  423236  363064  277500  183722  103531  49794  19667  5960  1527  265  46  1  0  
0  0  4  33  212  1094  4426  13843  33624  69684  119980  176518  228058  261792  273001  264422  239860  209391  179559  151969  129998  111958  100356  91901  88280  88214  91378  99700  112619  130369  154682  185023  221971  261241  300595  328933  339953  321759  277500  211748  140275  79819  37545  14660  4551  1124  201  39  2  0  
0  0  4  20  156  764  2841  8948  22610  46289  79154  117041  151573  173960  180665  174000  158744  139318  119240  101390  85994  74342  66604  61013  58743  58458  60768  66115  74578  86992  103350  122869  147791  174588  199977  219115  226291  214212  183722  140275  92658  52904  25125  9810  3047  704  148  14  2  0  
0  0  2  11  89  434  1678  5161  12723  25973  45012  66657  85268  97892  101814  98839  89652  78577  67119  56988  48326  42038  37686  34677  33121  33079  34547  37423  42219  49570  58308  69917  83707  98983  112282  124369  127858  121470  103531  79819  52904  30140  14301  5621  1662  401  95  19  2  0  
0  0  0  9  30  186  794  2467  6050  12360  21154  31285  40515  46406  48518  46481  42872  37289  31871  26946  22986  20143  17939  16345  15552  15604  16305  17799  20057  23309  27799  33301  39448  47150  54020  58690  61086  57432  49794  37545  25125  14301  6632  2656  848  187  32  9  0  0  
0  0  1  1  22  81  274  1000  2326  4897  8216  11999  15899  17994  19124  18330  16668  14545  12379  10461  9058  7824  6975  6536  6195  5965  6384  6959  7964  9132  10950  12801  15587  18168  21358  23104  23849  22588  19667  14660  9810  5621  2656  1048  343  87  17  1  0  0  
0  0  0  1  3  13  106  254  731  1493  2631  3827  4898  5668  5927  5761  5351  4678  3927  3367  2862  2495  2238  2101  1933  1979  2055  2153  2414  2900  3396  3948  4926  5803  6616  7482  7471  7135  5960  4551  3047  1662  848  343  102  28  2  0  0  0  
0  0  0  1  2  7  26  58  173  367  607  929  1212  1359  1505  1374  1246  1161  959  793  678  610  536  506  497  474  489  503  580  672  880  1060  1269  1390  1617  1806  1864  1749  1527  1124  704  401  187  87  28  6  3  0  0  0  
0  0  0  0  0  1  4  15  48  77  106  217  252  258  294  279  263  201  189  163  131  127  117  84  103  83  93  113  129  136  177  181  228  269  321  342  364  308  265  201  148  95  32  17  2  3  0  0  0  0  
0  0  0  0  0  1  0  3  10  10  23  22  32  44  46  30  43  25  24  22  18  14  17  15  14  13  15  12  16  26  21  34  33  45  40  48  46  42  46  39  14  19  9  1  0  0  0  0  0  0  
0  0  0  0  0  0  0  0  0  2  5  0  4  5  4  4  0  4  5  2  1  0  2  4  5  1  0  1  1  2  2  4  4  7  4  7  7  2  1  2  2  2  0  0  0  0  0  0  0  0  
0  0  0  0  0  0  0  0  0  0  0  0  0  0  0  0  0  0  0  2  0  0  0  0  0  0  0  0  0  0  1  0  0  1  0  2  1  1  0  0  0  0  0  0  0  0  0  0  0  0  
