0  0  0  0  0  0  0  0  1  0  0  1  0  0  0  0  0  0  0  0  0  0  0  0  0  0  0  0  0  0  0  0  0  0  0  0  0  0  0  0  0  0  0  0  0  0  0  0  0  0  
0  0  0  0  0  0  0  0  2  2  0  0  3  1  0  0  0  0  0  0  0  0  0  0  0  0  0  0  0  0  0  0  0  0  0  0  0  0  0  0  0  0  0  0  0  0  0  0  0  0  
0  0  0  0  0  0  3  11  16  22  26  27  26  9  10  4  0  0  0  0  0  0  0  0  0  0  0  0  0  0  0  0  0  0  0  0  0  0  0  0  0  0  0  0  0  0  0  0  0  0  
0  0  0  0  4  10  22  75  146  187  220  242  187  132  53  28  14  7  3  0  0  0  0  0  0  0  0  0  0  0  0  0  0  0  0  0  0  0  0  0  0  0  0  0  0  0  0  0  0  0  
0  0  0  4  4  55  173  400  777  1153  1530  1489  1219  849  483  255  102  40  10  8  1  0  0  0  0  0  0  0  0  0  0  0  0  0  0  0  0  0  0  0  0  0  0  0  0  0  0  0  0  0  
0  0  0  10  55  228  771  1808  3464  5524  6960  7154  6229  4423  2801  1449  708  284  106  32  18  1  1  0  0  0  0  0  0  0  0  0  0  0  0  0  0  0  0  0  0  0  0  0  0  0  0  0  0  0  
0  0  3  22  173  771  2390  6089  12477  19723  25751  27414  24693  18605  11855  6753  3369  1377  545  165  65  20  4  2  0  0  0  0  0  0  0  0  0  0  0  0  0  0  0  0  0  0  0  0  0  0  0  0  0  0  
0  0  11  75  400  1808  6089  16096  33395  55800  74796  83918  78291  61523  41732  24331  12430  5730  2378  893  310  93  24  9  2  0  0  0  0  0  0  0  0  0  0  0  0  0  0  0  0  0  0  0  0  0  0  0  0  0  
1  2  16  146  777  3464  12477  33395  71738  124010  173535  201686  198006  163651  116291  72033  38841  19015  8217  3274  1157  413  107  36  11  1  0  0  0  0  0  0  0  0  0  0  0  0  0  0  0  0  0  0  0  0  0  0  0  0  
0  2  22  187  1153  5524  19723  55800  124010  221186  327786  397870  407116  352646  265146  174206  100940  51949  24026  10317  3884  1346  443  135  38  17  2  2  0  0  0  0  0  0  0  0  0  0  0  0  0  0  0  0  0  0  0  0  0  0  
0  0  26  220  1530  6960  25751  74796  173535  327786  502540  643849  691964  637091  507244  353146  218058  120470  59657  27200  11411  4263  1461  492  151  42  11  1  1  0  0  0  0  0  0  0  0  0  0  0  0  0  0  0  0  0  0  0  0  0  
1  0  27  242  1489  7154  27414  83918  201686  397870  643849  865574  984988  963691  815742  606897  401917  237307  126679  61354  27401  11170  4176  1525  492  167  48  6  2  0  0  0  0  0  0  0  0  0  0  0  0  0  0  0  0  0  0  0  0  0  
0  3  26  187  1219  6229  24693  78291  198006  407116  691964  984988  1.19399e+06  1.24078e+06  1.12168e+06  894689  634655  403228  231455  121565  58228  25882  10415  3940  1368  432  132  38  9  1  0  0  0  0  0  0  0  0  0  0  0  0  0  0  0  0  0  0  0  0  
0  1  9  132  849  4423  18605  61523  163651  352646  637091  963691  1.24078e+06  1.37379e+06  1.334e+06  1.14424e+06  873082  598117  370522  211217  109839  52748  23385  9637  3731  1348  473  140  32  9  6  0  0  0  0  0  0  0  0  0  0  0  0  0  0  0  0  0  0  0  
0  0  10  53  483  2801  11855  41732  116291  265146  507244  815742  1.12168e+06  1.334e+06  1.39078e+06  1.28194e+06  1.05489e+06  782493  527253  324230  182690  95839  46039  20879  8669  3450  1226  434  119  44  8  4  1  0  0  0  0  0  0  0  0  0  0  0  0  0  0  0  0  0  
0  0  4  28  255  1449  6753  24331  72033  174206  353146  606897  894689  1.14424e+06  1.28194e+06  1.2773e+06  1.1369e+06  912554  666140  445060  273184  155014  82071  40012  18240  7832  3064  1159  393  124  40  8  2  1  1  0  0  0  0  0  0  0  0  0  0  0  0  0  0  0  
0  0  0  14  102  708  3369  12430  38841  100940  218058  401917  634655  873082  1.05489e+06  1.1369e+06  1.0942e+06  955451  758632  550772  369369  227976  130441  69543  34654  16291  7102  2783  1081  377  150  34  10  3  1  1  0  0  0  0  0  0  0  0  0  0  0  0  0  0  
0  0  0  7  40  284  1377  5730  19015  51949  120470  237307  403228  598117  782493  912554  955451  904660  782888  618936  452495  304595  190196  110712  60436  30441  14524  6407  2664  1025  385  155  40  10  3  0  0  0  0  0  0  0  0  0  0  0  0  0  0  0  
0  0  0  3  10  106  545  2378  8217  24026  59657  126679  231455  370522  527253  666140  758632  782888  736930  637863  507041  371517  255071  162303  96475  53005  27484  13100  5908  2488  917  377  122  34  11  2  1  0  0  0  0  0  0  0  0  0  0  0  0  0  
0  0  0  0  8  32  165  893  3274  10317  27200  61354  121565  211217  324230  445060  550772  618936  637863  599878  520591  419561  314508  218379  141324  84965  47749  25158  12356  5836  2499  945  348  136  44  11  3  0  1  0  0  0  0  0  0  0  0  0  0  0  
0  0  0  0  1  18  65  310  1157  3884  11411  27401  58228  109839  182690  273184  369369  452495  507041  520591  496214  435919  355518  270081  190737  126683  77910  44844  23981  11892  5674  2438  946  346  128  34  13  0  0  0  0  0  0  0  0  0  0  0  0  0  
0  0  0  0  0  1  20  93  413  1346  4263  11170  25882  52748  95839  155014  227976  304595  371517  419561  435919  418120  371810  310142  240367  173449  117228  73629  43388  23731  12219  5754  2488  999  365  138  44  15  3  0  0  0  0  0  0  0  0  0  0  0  
0  0  0  0  0  1  4  24  107  443  1461  4176  10415  23385  46039  82071  130441  190196  255071  314508  355518  371810  364522  331012  280247  222141  163501  113152  72488  43409  24389  12476  5977  2601  1066  390  141  47  13  4  1  1  0  0  0  0  0  0  0  0  
0  0  0  0  0  0  2  9  36  135  492  1525  3940  9637  20879  40012  69543  110712  162303  218379  270081  310142  331012  329306  304853  264564  212552  160817  112381  73674  45106  25573  13469  6482  2813  1072  428  159  51  18  7  0  0  0  0  0  0  0  0  0  
0  0  0  0  0  0  0  2  11  38  151  492  1368  3731  8669  18240  34654  60436  96475  141324  190737  240367  280247  304853  309168  293961  259712  213632  163785  117712  78064  48353  27996  14478  7062  3083  1271  397  148  45  7  4  0  0  0  0  0  0  0  0  
0  0  0  0  0  0  0  0  1  17  42  167  432  1348  3450  7832  16291  30441  53005  84965  126683  173449  222141  264564  293961  302184  293637  266278  223777  175333  127968  86641  53953  30746  16222  7964  3340  1399  473  142  37  6  3  0  0  0  0  0  0  0  
0  0  0  0  0  0  0  0  0  2  11  48  132  473  1226  3064  7102  14524  27484  47749  77910  117228  163501  212552  259712  293637  310058  306588  282296  242419  193364  143541  97518  61349  35438  18576  8749  3770  1469  519  148  36  7  3  1  0  0  0  0  0  
0  0  0  0  0  0  0  0  0  2  1  6  38  140  434  1159  2783  6407  13100  25158  44844  73629  113152  160817  213632  266278  306588  332130  334513  314402  275145  221782  165827  112834  71102  40400  21261  9797  4055  1492  454  147  24  6  1  0  0  0  0  0  
0  0  0  0  0  0  0  0  0  0  1  2  9  32  119  393  1081  2664  5908  12356  23981  43388  72488  112381  163785  223777  282296  334513  367580  379752  362248  320580  261185  195267  133987  83747  47201  23619  10717  4243  1497  426  121  29  3  0  0  0  0  0  
0  0  0  0  0  0  0  0  0  0  0  0  1  9  44  124  377  1025  2488  5836  11892  23731  43409  73674  117712  175333  242419  314402  379752  426248  446691  431302  384623  314765  234935  159727  97555  53659  26027  11089  4210  1300  405  89  13  4  0  0  0  0  
0  0  0  0  0  0  0  0  0  0  0  0  0  6  8  40  150  385  917  2499  5674  12219  24389  45106  78064  127968  193364  275145  362248  446691  509780  536969  522056  466432  381444  281201  187430  111582  58919  27300  11133  3794  1124  275  56  15  0  0  0  0  
0  0  0  0  0  0  0  0  0  0  0  0  0  0  4  8  34  155  377  945  2438  5754  12476  25573  48353  86641  143541  221782  320580  431302  536969  617736  655265  641012  569125  458415  331001  215181  122735  61229  26646  9957  3031  879  178  38  8  0  0  0  
0  0  0  0  0  0  0  0  0  0  0  0  0  0  1  2  10  40  122  348  946  2488  5977  13469  27996  53953  97518  165827  261185  384623  522056  655265  763366  808136  784177  685496  540920  379190  233744  126770  58913  23111  7890  2233  506  92  15  1  0  0  
0  0  0  0  0  0  0  0  0  0  0  0  0  0  0  1  3  10  34  136  346  999  2601  6482  14478  30746  61349  112834  195267  314765  466432  641012  808136  935572  985538  938577  799550  606799  404510  236125  118088  50276  18177  5319  1288  227  37  3  1  0  
0  0  0  0  0  0  0  0  0  0  0  0  0  0  0  1  1  3  11  44  128  365  1066  2813  7062  16222  35438  71102  133987  234935  381444  569125  784177  985538  1.12697e+06  1.16418e+06  1.07358e+06  880768  634996  397624  213347  97477  37060  11548  2979  561  96  9  1  0  
0  0  0  0  0  0  0  0  0  0  0  0  0  0  0  0  1  0  2  11  34  138  390  1072  3083  7964  18576  40400  83747  159727  281201  458415  685496  938577  1.16418e+06  1.29958e+06  1.30015e+06  1.14823e+06  889811  596747  342868  165813  67436  22273  6109  1240  197  26  0  1  
0  0  0  0  0  0  0  0  0  0  0  0  0  0  0  0  0  0  1  3  13  44  141  428  1271  3340  8749  21261  47201  97555  187430  331001  540920  799550  1.07358e+06  1.30015e+06  1.39589e+06  1.33354e+06  1.10719e+06  793030  487099  249639  107139  37963  10631  2296  446  72  5  1  
0  0  0  0  0  0  0  0  0  0  0  0  0  0  0  0  0  0  0  0  0  15  47  159  397  1399  3770  9797  23619  53659  111582  215181  379190  606799  880768  1.14823e+06  1.33354e+06  1.3613e+06  1.21063e+06  926126  604792  329754  148322  54734  16195  3736  652  78  6  0  
0  0  0  0  0  0  0  0  0  0  0  0  0  0  0  0  0  0  0  1  0  3  13  51  148  473  1469  4055  10717  26027  58919  122735  233744  404510  634996  889811  1.10719e+06  1.21063e+06  1.15065e+06  936116  647115  372327  177081  68321  20825  4989  932  131  16  2  
0  0  0  0  0  0  0  0  0  0  0  0  0  0  0  0  0  0  0  0  0  0  4  18  45  142  519  1492  4243  11089  27300  61229  126770  236125  397624  596747  793030  926126  936116  807982  589169  358057  178100  71824  23028  5754  1169  178  20  2  
0  0  0  0  0  0  0  0  0  0  0  0  0  0  0  0  0  0  0  0  0  0  1  7  7  37  148  454  1497  4210  11133  26646  58913  118088  213347  342868  487099  604792  647115  589169  452422  288089  149574  63484  21173  5412  1084  161  22  0  
0  0  0  0  0  0  0  0  0  0  0  0  0  0  0  0  0  0  0  0  0  0  1  0  4  6  36  147  426  1300  3794  9957  23111  50276  97477  165813  249639  329754  372327  358057  288089  191590  103834  45581  15614  4141  872  125  15  0  
0  0  0  0  0  0  0  0  0  0  0  0  0  0  0  0  0  0  0  0  0  0  0  0  0  3  7  24  121  405  1124  3031  7890  18177  37060  67436  107139  148322  177081  178100  149574  103834  58732  26518  9515  2610  530  92  5  0  
0  0  0  0  0  0  0  0  0  0  0  0  0  0  0  0  0  0  0  0  0  0  0  0  0  0  3  6  29  89  275  879  2233  5319  11548  22273  37963  54734  68321  71824  63484  45581  26518  12356  4542  1246  262  38  2  1  
0  0  0  0  0  0  0  0  0  0  0  0  0  0  0  0  0  0  0  0  0  0  0  0  0  0  1  1  3  13  56  178  506  1288  2979  6109  10631  16195  20825  23028  21173  15614  9515  4542  1804  509  102  11  3  0  
0  0  0  0  0  0  0  0  0  0  0  0  0  0  0  0  0  0  0  0  0  0  0  0  0  0  0  0  0  4  15  38  92  227  561  1240  2296  3736  4989  5754  5412  4141  2610  1246  509  118  30  7  0  1  
0  0  0  0  0  0  0  0  0  0  0  0  0  0  0  0  0  0  0  0  0  0  0  0  0  0  0  0  0  0  0  8  15  37  96  197  446  652  932  1169  1084  872  530  262  102  30  4  0  0  0  
0  0  0  0  0  0  0  0  0  0  0  0  0  0  0  0  0  0  0  0  0  0  0  0  0  0  0  0  0  0  0  0  1  3  9  26  72  78  131  178  161  125  92  38  11  7  0  0  0  0  
0  0  0  0  0  0  0  0  0  0  0  0  0  0  0  0  0  0  0  0  0  0  0  0  0  0  0  0  0  0  0  0  0  1  1  0  5  6  16  20  22  15  5  2  3  0  0  0  0  0  
0  0  0  0  0  0  0  0  0  0  0  0  0  0  0  0  0  0  0  0  0  0  0  0  0  0  0  0  0  0  0  0  0  0  0  1  1  0  2  2  0  0  0  1  0  1  0  0  0  0  
