0  0  0  0  0  0  0  0  0  0  0  0  0  0  0  0  1  0  0  0  0  0  0  0  1  0  0  0  0  0  0  0  0  0  0  0  0  0  0  0  0  0  0  0  0  0  0  0  0  0  
0  0  0  0  0  0  0  0  0  1  0  0  1  1  0  1  1  1  0  0  0  0  0  0  0  1  1  0  0  0  0  0  0  0  0  0  0  0  0  0  0  0  0  0  0  0  0  0  0  0  
0  0  0  0  0  0  1  2  5  3  7  7  9  12  13  20  12  11  9  13  6  4  4  5  4  1  0  0  0  2  0  0  1  0  1  1  0  1  0  0  0  0  0  0  0  0  0  0  0  0  
0  0  0  0  0  0  1  4  17  34  76  82  112  137  122  136  122  80  75  51  46  36  18  38  22  18  14  10  15  13  8  3  4  10  8  3  6  2  3  3  0  0  1  0  0  0  0  0  0  0  
0  0  0  0  0  3  20  51  117  225  397  586  733  825  788  843  722  615  495  375  301  241  178  161  132  112  100  69  68  62  39  35  52  42  41  45  28  16  17  10  5  3  0  0  0  0  0  0  0  0  
0  0  0  0  3  24  83  212  575  1110  1882  2812  3693  4013  4182  3912  3551  3002  2369  1871  1487  1199  917  770  608  545  412  377  338  287  286  229  218  191  199  176  162  116  76  73  39  16  7  2  2  0  0  0  0  0  
0  0  1  1  20  83  314  844  2125  4245  7255  10852  13845  15551  15833  15133  13508  11494  9419  7537  6015  4740  3711  3008  2513  2011  1666  1437  1279  1122  1003  881  794  766  709  626  576  496  335  233  149  76  39  16  3  1  1  0  0  0  
0  0  2  4  51  212  844  2598  6410  13067  22613  32869  42059  48388  49025  46925  41633  35518  29087  22925  18563  14601  11540  9280  7562  6327  5143  4459  3899  3435  3028  2830  2601  2423  2196  1978  1780  1446  1153  793  444  253  114  39  15  1  1  0  0  0  
0  0  5  17  117  575  2125  6410  16164  32637  55853  81973  104747  118260  121895  116779  103179  87089  71993  57556  45576  35944  28420  23125  18974  15598  13103  11213  9821  8674  7876  7314  6667  6324  5604  5170  4480  3837  2840  2009  1221  694  305  98  29  9  1  0  0  0  
0  1  3  34  225  1110  4245  13067  32637  66290  114288  167351  213785  242795  249529  237625  211066  178312  146220  118054  93351  73874  58901  47419  38776  32490  27393  23195  20162  18168  16665  15044  14065  12974  12016  10977  9751  8092  6086  4376  2669  1437  628  247  61  14  6  2  0  0  
0  0  7  76  397  1882  7255  22613  55853  114288  195862  286601  367838  417266  430433  407729  363316  306868  252122  202520  161319  127899  101848  82110  67154  55805  47271  40201  35240  31825  28833  26621  24867  23375  21906  20100  17361  14739  11161  7910  4888  2541  1143  426  143  34  8  1  0  0  
0  0  7  82  586  2812  10852  32869  81973  167351  286601  422272  539499  613044  631870  597930  531783  451157  371188  298909  237753  188613  150011  121770  100374  83014  69858  60169  53033  47966  43622  40781  38083  36024  33782  30895  27746  22954  17830  12504  7976  4238  1964  777  209  44  8  2  0  0  
0  1  9  112  733  3693  13845  42059  104747  213785  367838  539499  689232  782677  807183  766813  683205  579615  475863  384438  306789  243720  194380  157959  129100  108354  91916  79104  69776  63628  58251  54707  51651  48330  46069  42837  37848  32053  24715  17634  11070  5817  2712  1052  279  86  14  0  0  0  
0  1  12  137  825  4013  15551  48388  118260  242795  417266  613044  782677  891826  918183  872257  778197  660662  544122  438263  350047  278667  223965  181309  149820  124962  106486  92999  82924  74791  69443  65644  62450  59820  57092  53022  47946  40471  31862  22502  14041  7654  3492  1314  406  90  17  2  0  0  
0  0  13  122  788  4182  15833  49025  121895  249529  430433  631870  807183  918183  944808  900645  801963  683029  562793  454267  364106  290153  233661  189560  157326  132985  112964  99628  89111  81735  76459  71999  69648  67726  64731  61089  55121  47244  37383  26724  16809  9060  4100  1556  450  109  20  3  0  0  
0  1  20  136  843  3912  15133  46925  116779  237625  407729  597930  766813  872257  900645  859178  764649  651600  538073  435846  348462  280327  226010  185060  154227  129943  112242  99823  89397  83000  78616  75231  73169  71262  69276  66162  60490  52107  41998  29741  18914  10236  4700  1817  584  134  36  6  0  0  
1  1  12  122  722  3551  13508  41633  103179  211066  363316  531783  683205  778197  801963  764649  685560  584640  484209  392095  316343  254291  206311  169927  142070  120850  105305  94431  85625  80312  77010  74712  73654  73378  71895  69516  63943  55888  44538  32009  20390  11102  5194  1938  559  136  25  5  0  0  
0  1  11  80  615  3002  11494  35518  87089  178312  306868  451157  579615  660662  683029  651600  584640  501824  415573  339079  272431  221311  180669  148848  125345  108806  95254  86498  79753  75759  72622  72411  72364  73440  73419  70819  66899  58250  47209  34000  21808  12014  5503  2129  666  151  37  5  0  0  
0  0  9  75  495  2369  9419  29087  71993  146220  252122  371188  475863  544122  562793  538073  484209  415573  345940  282687  228108  187120  154311  128673  109005  94653  84832  77261  72465  69820  69301  68895  70743  72146  73945  72860  69099  61578  49810  36343  23532  12924  6219  2286  760  176  47  5  0  0  
0  0  13  51  375  1871  7537  22925  57556  118054  202520  298909  384438  438263  454267  435846  392095  339079  282687  230902  190059  155250  129175  109115  94771  83006  74834  69104  66325  64899  65223  67073  70014  72779  75458  75752  72367  64081  52992  38645  25116  13925  6382  2447  777  185  27  7  0  0  
0  0  6  46  301  1487  6015  18563  45576  93351  161319  237753  306789  350047  364106  348462  316343  272431  228108  190059  157416  128814  108472  92873  81290  72960  66508  63099  60926  61131  62929  65503  70208  73703  78038  79037  75723  69049  57186  42282  27201  15069  7037  2772  832  176  39  5  1  0  
0  0  4  36  241  1199  4740  14601  35944  73874  127899  188613  243720  278667  290153  280327  254291  221311  187120  155250  128814  107668  91724  79505  70655  64348  59954  58053  57311  58976  61469  65983  71464  77090  81729  84235  81803  74340  62195  46155  29874  16861  7834  3016  887  253  47  8  1  0  
0  0  4  18  178  917  3711  11540  28420  58901  101848  150011  194380  223965  233661  226010  206311  180669  154311  129175  108472  91724  79276  69911  62542  57652  56096  54576  55619  57567  62037  67455  74507  81390  88046  91507  90103  83040  69280  51734  33919  18982  8990  3393  1075  272  45  5  2  0  
0  0  5  38  161  770  3008  9280  23125  47419  82110  121770  157959  181309  189560  185060  169927  148848  128673  109115  92873  79505  69911  62372  57258  54407  52475  52717  54690  58950  64129  71578  79564  88667  96258  101924  101051  93083  78197  58785  38456  21428  10304  3827  1252  285  72  7  1  0  
1  0  4  22  132  608  2513  7562  18974  38776  67154  100374  129100  149820  157326  154227  142070  125345  109005  94771  81290  70655  62542  57258  53740  51797  51743  53042  55763  61260  67497  77287  87578  98729  108827  114964  115171  107139  90612  68246  44536  24827  11784  4671  1475  369  71  12  2  0  
0  1  1  18  112  545  2011  6327  15598  32490  55805  83014  108354  124962  132985  129943  120850  108806  94653  83006  72960  64348  57652  54407  51797  51696  52425  54936  58999  65432  74863  86347  98489  112243  125344  134509  135126  126057  106893  80560  52954  29633  14094  5460  1700  396  81  9  1  0  
0  1  0  14  100  412  1666  5143  13103  27393  47271  69858  91916  106486  112964  112242  105305  95254  84832  74834  66508  59954  56096  52475  51743  52425  54636  57799  64123  72688  83837  97867  114386  130896  147051  158999  160052  150607  128109  97329  63603  35995  16849  6655  2099  523  93  13  0  0  
0  0  0  10  69  377  1437  4459  11213  23195  40201  60169  79104  92999  99628  99823  94431  86498  77261  69104  63099  58053  54576  52717  53042  54936  57799  63892  71402  82620  96582  113888  134919  156886  177106  191740  194855  183699  157241  118746  78815  44204  21150  8209  2612  604  147  14  5  0  
0  0  0  15  68  338  1279  3899  9821  20162  35240  53033  69776  82924  89111  89397  85625  79753  72465  66325  60926  57311  55619  54690  55763  58999  64123  71402  82214  95531  114263  135582  161921  190477  215702  234511  240448  227856  194013  147461  97662  54919  26197  10397  3185  804  144  24  0  0  
0  0  2  13  62  287  1122  3435  8674  18168  31825  47966  63628  74791  81735  83000  80312  75759  69820  64899  61131  58976  57567  58950  61260  65432  72688  82620  95531  114340  137153  165114  198292  233725  267811  292390  300269  284968  242974  185441  122511  69596  32538  12887  4009  986  186  21  0  0  
0  0  0  8  39  286  1003  3028  7876  16665  28833  43622  58251  69443  76459  78616  77010  72622  69301  65223  62929  61469  62037  64129  67497  74863  83837  96582  114263  137153  166104  202270  244059  289951  332841  366276  375906  356393  306523  234075  154899  87494  41682  16160  5200  1227  232  39  5  0  
0  0  0  3  35  229  881  2830  7314  15044  26621  40781  54707  65644  71999  75231  74712  72411  68895  67073  65503  65983  67455  71578  77287  86347  97867  113888  135582  165114  202270  248322  299786  359329  413187  454979  470474  447494  383919  293325  194337  109809  52185  20504  6516  1566  299  38  5  1  
0  0  1  4  52  218  794  2601  6667  14065  24867  38083  51651  62450  69648  73169  73654  72364  70743  70014  70208  71464  74507  79564  87578  98489  114386  134919  161921  198292  244059  299786  368900  439615  509357  562311  581757  553245  478219  365071  242947  137261  65388  25671  8020  1951  390  59  3  0  
0  0  0  10  42  191  766  2423  6324  12974  23375  36024  48330  59820  67726  71262  73378  73440  72146  72779  73703  77090  81390  88667  98729  112243  130896  156886  190477  233725  289951  359329  439615  527734  615626  678417  703850  670188  579524  442269  294268  167043  79474  30902  9779  2393  443  85  6  2  
0  0  1  8  41  199  709  2196  5604  12016  21906  33782  46069  57092  64731  69276  71895  73419  73945  75458  78038  81729  88046  96258  108827  125344  147051  177106  215702  267811  332841  413187  509357  615626  713614  792338  823450  785551  678623  519509  345788  195823  93159  36620  11490  2791  540  68  11  2  
0  0  1  3  45  176  626  1978  5170  10977  20100  30895  42837  53022  61089  66162  69516  70819  72860  75752  79037  84235  91507  101924  114964  134509  158999  191740  234511  292390  366276  454979  562311  678417  792338  878778  913841  874835  754438  576907  384632  218613  103972  40732  12695  3120  643  100  11  0  
0  0  0  6  28  162  576  1780  4480  9751  17361  27746  37848  47946  55121  60490  63943  66899  69099  72367  75723  81803  90103  101051  115171  135126  160052  194855  240448  300269  375906  470474  581757  703850  823450  913841  949536  908228  784873  598696  400617  227964  108214  42654  13372  3221  615  86  12  1  
0  0  1  2  16  116  496  1446  3837  8092  14739  22954  32053  40471  47244  52107  55888  58250  61578  64081  69049  74340  83040  93083  107139  126057  150607  183699  227856  284968  356393  447494  553245  670188  785551  874835  908228  871046  752443  575672  385469  219321  103796  40812  12849  3224  614  69  9  0  
0  0  0  3  17  76  335  1153  2840  6086  11161  17830  24715  31862  37383  41998  44538  47209  49810  52992  57186  62195  69280  78197  90612  106893  128109  157241  194013  242974  306523  383919  478219  579524  678623  754438  784873  752443  649590  498384  332278  189113  89835  35105  11051  2787  507  78  7  1  
0  0  0  3  10  73  233  793  2009  4376  7910  12504  17634  22502  26724  29741  32009  34000  36343  38645  42282  46155  51734  58785  68246  80560  97329  118746  147461  185441  234075  293325  365071  442269  519509  576907  598696  575672  498384  381634  254690  144093  68951  27204  8548  2134  413  72  6  1  
0  0  0  0  5  39  149  444  1221  2669  4888  7976  11070  14041  16809  18914  20390  21808  23532  25116  27201  29874  33919  38456  44536  52954  63603  78815  97662  122511  154899  194337  242947  294268  345788  384632  400617  385469  332278  254690  170682  96397  45902  17875  5746  1482  292  45  4  0  
0  0  0  0  3  16  76  253  694  1437  2541  4238  5817  7654  9060  10236  11102  12014  12924  13925  15069  16861  18982  21428  24827  29633  35995  44204  54919  69596  87494  109809  137261  167043  195823  218613  227964  219321  189113  144093  96397  54936  26168  10235  3324  708  158  19  3  0  
0  0  0  1  0  7  39  114  305  628  1143  1964  2712  3492  4100  4700  5194  5503  6219  6382  7037  7834  8990  10304  11784  14094  16849  21150  26197  32538  41682  52185  65388  79474  93159  103972  108214  103796  89835  68951  45902  26168  12330  4951  1554  398  79  12  0  0  
0  0  0  0  0  2  16  39  98  247  426  777  1052  1314  1556  1817  1938  2129  2286  2447  2772  3016  3393  3827  4671  5460  6655  8209  10397  12887  16160  20504  25671  30902  36620  40732  42654  40812  35105  27204  17875  10235  4951  1890  619  132  23  5  1  0  
0  0  0  0  0  2  3  15  29  61  143  209  279  406  450  584  559  666  760  777  832  887  1075  1252  1475  1700  2099  2612  3185  4009  5200  6516  8020  9779  11490  12695  13372  12849  11051  8548  5746  3324  1554  619  198  45  10  1  0  0  
0  0  0  0  0  0  1  1  9  14  34  44  86  90  109  134  136  151  176  185  176  253  272  285  369  396  523  604  804  986  1227  1566  1951  2393  2791  3120  3221  3224  2787  2134  1482  708  398  132  45  6  3  0  0  0  
0  0  0  0  0  0  1  1  1  6  8  8  14  17  20  36  25  37  47  27  39  47  45  72  71  81  93  147  144  186  232  299  390  443  540  643  615  614  507  413  292  158  79  23  10  3  2  0  0  0  
0  0  0  0  0  0  0  0  0  2  1  2  0  2  3  6  5  5  5  7  5  8  5  7  12  9  13  14  24  21  39  38  59  85  68  100  86  69  78  72  45  19  12  5  1  0  0  0  0  0  
0  0  0  0  0  0  0  0  0  0  0  0  0  0  0  0  0  0  0  0  1  1  2  1  2  1  0  5  0  0  5  5  3  6  11  11  12  9  7  6  4  3  0  1  0  0  0  0  0  0  
0  0  0  0  0  0  0  0  0  0  0  0  0  0  0  0  0  0  0  0  0  0  0  0  0  0  0  0  0  0  0  1  0  2  2  0  1  0  1  1  0  0  0  0  0  0  0  0  0  0  
