0  0  0  0  0  0  0  0  0  0  0  0  0  0  0  0  1  0  0  0  0  0  0  0  0  0  0  0  0  0  0  0  0  0  0  0  0  0  1  0  0  0  0  0  0  0  0  0  0  0  
0  0  0  0  0  0  0  0  0  0  0  0  0  1  2  0  0  1  0  0  0  0  0  0  0  0  0  0  1  1  0  1  0  0  0  0  0  0  0  0  1  0  0  0  0  0  0  0  0  0  
0  0  0  0  0  0  0  2  0  5  0  5  8  13  5  9  5  4  4  4  6  6  5  3  0  1  3  3  4  1  2  2  5  5  5  10  6  7  5  6  2  1  1  1  0  0  0  0  0  0  
0  0  0  0  0  0  1  2  9  16  28  46  63  58  68  84  67  65  38  30  40  24  28  17  16  17  20  17  28  24  30  35  28  51  53  65  68  61  54  35  20  15  6  1  1  1  0  0  0  0  
0  0  0  0  0  1  10  26  52  110  185  296  394  454  411  415  397  349  297  267  205  138  147  129  126  112  119  123  129  161  184  219  291  300  367  416  401  425  312  246  152  115  45  15  8  3  0  0  0  0  
0  0  0  0  1  10  29  123  286  536  979  1345  1852  2089  2189  2062  1960  1673  1437  1183  968  872  759  639  602  634  640  695  740  804  938  1111  1321  1501  1756  1855  2031  1952  1594  1218  826  475  217  83  33  7  1  0  0  0  
0  0  0  1  10  29  142  433  1106  2163  3697  5462  7235  8154  8533  8363  7485  6479  5520  4653  3904  3235  2854  2456  2377  2307  2384  2489  2748  3093  3659  4233  5017  6016  6791  7415  7616  7314  6120  4655  3128  1716  834  304  107  20  7  0  0  0  
0  0  2  2  26  123  433  1342  3304  6798  11665  17148  22158  25206  26061  25217  23178  19813  16892  14295  12017  10130  8573  7860  7348  7220  7362  7653  8230  9554  11228  13125  15931  18064  20828  22873  23555  22146  19256  14446  9639  5446  2565  1019  311  77  10  1  0  0  
0  0  0  9  52  286  1106  3304  8244  16761  28697  42789  54748  62769  65110  62749  57251  49850  41843  35392  29703  24891  21614  19652  18031  17995  18092  19105  21016  23931  27587  32718  39169  45742  52035  56687  57940  55564  47090  35964  23621  13328  6369  2478  769  207  28  8  0  0  
0  0  5  16  110  536  2163  6798  16761  34518  59234  87078  111877  128001  134061  128831  116741  101783  85886  71941  60453  51155  44736  39958  37196  36533  36835  38982  42553  48837  56984  67488  80161  94309  106757  116438  119407  112618  97104  74170  48854  27274  13156  5089  1600  400  69  12  2  1  
0  0  0  28  185  979  3697  11665  28697  59234  102220  150634  192894  221130  231674  222428  202015  174720  147582  124228  104613  88345  77063  69172  64640  62712  63710  66982  74234  84471  98804  116708  138253  160739  184237  200128  205361  194617  166997  127217  84283  47174  22771  8835  2755  660  123  22  3  0  
0  0  5  46  296  1345  5462  17148  42789  87078  150634  221504  284667  326484  339973  328484  295956  257885  218769  183752  153642  130761  113967  102455  95341  93017  93461  99261  108855  124860  144611  171701  202546  237558  271312  296416  302799  286803  247395  187677  124112  70139  33284  13180  4118  954  223  33  4  1  
0  0  8  63  394  1852  7235  22158  54748  111877  192894  284667  367568  421070  437649  422147  381659  332581  280208  234973  197785  167844  146887  131822  123478  119538  121052  127814  140790  160137  186746  221143  262195  306613  349477  381029  391501  371350  316533  241507  159541  90473  42729  16593  5249  1318  243  35  3  0  
0  1  13  58  454  2089  8154  25206  62769  128001  221130  326484  421070  481654  500806  483654  436898  378932  323445  269421  226063  192738  167812  151426  140966  136872  138721  146773  160977  184055  214154  252703  299987  351442  401548  436570  447620  425678  363639  276464  183770  103800  48808  18973  6082  1462  305  32  9  0  
0  2  5  68  411  2189  8533  26061  65110  134061  231674  339973  437649  500806  523682  501575  454174  395175  334821  280427  235653  200509  174891  156932  146403  141858  144074  152116  167548  190800  223061  263548  312744  365749  416412  454513  467540  441533  378887  288170  191304  107918  51249  20081  6283  1448  308  47  3  0  
0  0  9  84  415  2062  8363  25217  62749  128831  222428  328484  422147  483654  501575  483470  438022  379855  322575  269644  226364  192958  167808  151037  141280  136826  138383  147676  162773  184984  215592  254015  301378  351716  402083  439573  450234  426234  365953  278077  184828  103493  49066  19260  6057  1467  291  32  6  1  
1  0  5  67  397  1960  7485  23178  57251  116741  202015  295956  381659  436898  454174  438022  397336  346284  293075  245660  204735  175298  152498  136051  127742  124042  126294  134277  146374  167331  196030  230861  274040  320838  365677  398252  409038  387466  333199  253735  167796  95229  45112  17517  5432  1370  299  42  0  0  
0  1  4  65  349  1673  6479  19813  49850  101783  174720  257885  332581  378932  395175  379855  346284  300336  253454  213272  178740  151925  132191  118982  111252  108912  109544  116465  129242  146123  170162  201529  238522  279738  318566  347895  355645  339082  290574  220869  146299  82801  39316  15409  4843  1131  260  38  5  0  
0  0  4  38  297  1437  5520  16892  41843  85886  147582  218769  280208  323445  334821  322575  293075  253454  214716  180463  151850  128711  111769  101631  94916  92248  93523  99190  109211  123988  145254  172059  203618  239012  271461  295746  303760  288003  246916  188521  124356  70650  33310  12972  4180  1017  201  32  3  0  
0  0  4  30  267  1183  4653  14295  35392  71941  124228  183752  234973  269421  280427  269644  245660  213272  180463  152462  127162  107834  94254  85030  79370  77678  78214  83573  91780  105452  122558  144292  171621  201192  229589  249820  256786  242655  209151  158595  105091  59455  28160  11244  3442  882  182  27  2  0  
0  0  6  40  205  968  3904  12017  29703  60453  104613  153642  197785  226063  235653  226364  204735  178740  151850  127162  106776  91304  80041  71872  66976  65202  66621  69850  77294  88388  102881  123362  145128  170433  194799  212081  217852  206893  177530  134534  89371  50556  23991  9497  2946  783  151  17  0  0  
0  0  6  24  138  872  3235  10130  24891  51155  88345  130761  167844  192738  200509  192958  175298  151925  128711  107834  91304  77150  67975  60524  56859  56502  56885  60491  66736  76530  89042  105364  124587  146680  167662  182159  187301  177103  153320  115971  76816  43660  20741  8111  2596  636  133  20  2  0  
0  0  5  28  147  759  2854  8573  21614  44736  77063  113967  146887  167812  174891  167808  152498  132191  111769  94254  80041  67975  58950  53766  50260  49443  50183  53432  58737  67193  78282  93156  110697  129483  147848  161434  165666  156672  134447  102634  68074  38554  18332  7150  2340  515  103  16  1  0  
0  0  3  17  129  639  2456  7860  19652  39958  69172  102455  131822  151426  156932  151037  136051  118982  101631  85030  71872  60524  53766  48300  45516  44783  45677  48493  53546  61111  71613  84874  100975  117871  135430  147802  151344  143040  122966  93455  62577  35283  16695  6691  2064  524  93  11  5  0  
0  0  0  16  126  602  2377  7348  18031  37196  64640  95341  123478  140966  146403  141280  127742  111252  94916  79370  66976  56859  50260  45516  43020  42161  43107  45550  50744  57589  68310  80012  95541  112931  128499  140083  143197  136342  116678  89155  58953  33526  15751  6233  2006  483  88  11  3  0  
0  0  1  17  112  634  2307  7220  17995  36533  62712  93017  119538  136872  141858  136826  124042  108912  92248  77678  65202  56502  49443  44783  42161  41340  41852  45240  49844  57090  67087  79647  94902  111440  127496  139012  142651  134615  115564  88388  58803  33108  15597  6131  1911  449  95  12  1  0  
0  0  3  20  119  640  2384  7362  18092  36835  63710  93461  121052  138721  144074  138383  126294  109544  93523  78214  66621  56885  50183  45677  43107  41852  43408  46264  51628  58823  68791  81448  98079  114985  131371  143976  147589  138975  119467  90931  60357  34396  16132  6253  1947  515  93  14  1  0  
0  0  3  17  123  695  2489  7653  19105  38982  66982  99261  127814  146773  152116  147676  134277  116465  99190  83573  69850  60491  53432  48493  45550  45240  46264  49378  55290  63731  74541  88482  105683  123640  141582  154844  158617  149251  128649  97907  65164  36885  17566  6979  2198  534  80  13  2  0  
0  1  4  28  129  740  2748  8230  21016  42553  74234  108855  140790  160977  167548  162773  146374  129242  109211  91780  77294  66736  58737  53546  50744  49844  51628  55290  61852  70532  82600  98856  117153  138174  158362  172063  176346  167651  143630  109150  72805  41092  19260  7602  2430  610  119  18  3  0  
0  1  1  24  161  804  3093  9554  23931  48837  84471  124860  160137  184055  190800  184984  167331  146123  123988  105452  88388  76530  67193  61111  57589  57090  58823  63731  70532  81042  95034  113138  136552  159694  182722  199505  204259  194102  166061  126171  84189  47406  22837  8869  2799  722  126  23  1  0  
0  0  2  30  184  938  3659  11228  27587  56984  98804  144611  186746  214154  223061  215592  196030  170162  145254  122558  102881  89042  78282  71613  68310  67087  68791  74541  82600  95034  112802  134265  160220  188098  215225  235463  242093  228658  195505  149786  98756  55880  27046  10524  3301  802  149  20  3  2  
0  1  2  35  219  1111  4233  13125  32718  67488  116708  171701  221143  252703  263548  254015  230861  201529  172059  144292  123362  105364  93156  84874  80012  79647  81448  88482  98856  113138  134265  159856  190590  224733  256570  280813  287621  272710  234113  177352  117879  67501  31978  12292  4053  972  172  28  1  0  
0  0  5  28  291  1321  5017  15931  39169  80161  138253  202546  262195  299987  312744  301378  274040  238522  203618  171621  145128  124587  110697  100975  95541  94902  98079  105683  117153  136552  160220  190590  228566  267324  306228  335768  344091  325077  279308  212137  141360  80517  38003  14842  4764  1189  221  28  3  0  
0  0  5  51  300  1501  6016  18064  45742  94309  160739  237558  306613  351442  365749  351716  320838  279738  239012  201192  170433  146680  129483  117871  112931  111440  114985  123640  138174  159694  188098  224733  267324  315544  359845  394669  403937  384241  329579  250392  166586  94922  45083  17647  5481  1363  268  45  5  0  
0  0  5  53  367  1756  6791  20828  52035  106757  184237  271312  349477  401548  416412  402083  365677  318566  271461  229589  194799  167662  147848  135430  128499  127496  131371  141582  158362  182722  215225  256570  306228  359845  412824  450399  463640  440756  377250  286942  191414  108293  51665  20510  6377  1590  306  53  3  2  
0  0  10  65  416  1855  7415  22873  56687  116438  200128  296416  381029  436570  454513  439573  398252  347895  295746  249820  212081  182159  161434  147802  140083  139012  143976  154844  172063  199505  235463  280813  335768  394669  450399  493340  508193  482095  412390  315627  209616  118716  56528  22223  6974  1589  299  46  5  0  
0  0  6  68  401  2031  7616  23555  57940  119407  205361  302799  391501  447620  467540  450234  409038  355645  303760  256786  217852  187301  165666  151344  143197  142651  147589  158617  176346  204259  242093  287621  344091  403937  463640  508193  520980  494588  425151  323926  215289  121960  58072  22604  7137  1718  327  45  5  0  
0  0  7  61  425  1952  7314  22146  55564  112618  194617  286803  371350  425678  441533  426234  387466  339082  288003  242655  206893  177103  156672  143040  136342  134615  138975  149251  167651  194102  228658  272710  325077  384241  440756  482095  494588  469738  404071  307842  205128  115603  55260  21588  6824  1685  318  49  3  1  
1  0  5  54  312  1594  6120  19256  47090  97104  166997  247395  316533  363639  378887  365953  333199  290574  246916  209151  177530  153320  134447  122966  116678  115564  119467  128649  143630  166061  195505  234113  279308  329579  377250  412390  425151  404071  345708  263807  175812  99383  47075  18360  5648  1385  259  39  2  0  
0  0  6  35  246  1218  4655  14446  35964  74170  127217  187677  241507  276464  288170  278077  253735  220869  188521  158595  134534  115971  102634  93455  89155  88388  90931  97907  109150  126171  149786  177352  212137  250392  286942  315627  323926  307842  263807  200882  134063  75719  35919  13925  4325  1102  205  28  3  0  
0  1  2  20  152  826  3128  9639  23621  48854  84283  124112  159541  183770  191304  184828  167796  146299  124356  105091  89371  76816  68074  62577  58953  58803  60357  65164  72805  84189  98756  117879  141360  166586  191414  209616  215289  205128  175812  134063  89380  50218  23696  9237  2883  725  123  18  1  0  
0  0  1  15  115  475  1716  5446  13328  27274  47174  70139  90473  103800  107918  103493  95229  82801  70650  59455  50556  43660  38554  35283  33526  33108  34396  36885  41092  47406  55880  67501  80517  94922  108293  118716  121960  115603  99383  75719  50218  28610  13204  5309  1652  398  94  9  2  0  
0  0  1  6  45  217  834  2565  6369  13156  22771  33284  42729  48808  51249  49066  45112  39316  33310  28160  23991  20741  18332  16695  15751  15597  16132  17566  19260  22837  27046  31978  38003  45083  51665  56528  58072  55260  47075  35919  23696  13204  6394  2531  737  186  42  4  0  0  
0  0  1  1  15  83  304  1019  2478  5089  8835  13180  16593  18973  20081  19260  17517  15409  12972  11244  9497  8111  7150  6691  6233  6131  6253  6979  7602  8869  10524  12292  14842  17647  20510  22223  22604  21588  18360  13925  9237  5309  2531  960  302  84  12  3  0  0  
0  0  0  1  8  33  107  311  769  1600  2755  4118  5249  6082  6283  6057  5432  4843  4180  3442  2946  2596  2340  2064  2006  1911  1947  2198  2430  2799  3301  4053  4764  5481  6377  6974  7137  6824  5648  4325  2883  1652  737  302  78  33  8  1  1  0  
0  0  0  1  3  7  20  77  207  400  660  954  1318  1462  1448  1467  1370  1131  1017  882  783  636  515  524  483  449  515  534  610  722  802  972  1189  1363  1590  1589  1718  1685  1385  1102  725  398  186  84  33  8  2  0  0  0  
0  0  0  0  0  1  7  10  28  69  123  223  243  305  308  291  299  260  201  182  151  133  103  93  88  95  93  80  119  126  149  172  221  268  306  299  327  318  259  205  123  94  42  12  8  2  0  0  0  0  
0  0  0  0  0  0  0  1  8  12  22  33  35  32  47  32  42  38  32  27  17  20  16  11  11  12  14  13  18  23  20  28  28  45  53  46  45  49  39  28  18  9  4  3  1  0  0  0  0  0  
0  0  0  0  0  0  0  0  0  2  3  4  3  9  3  6  0  5  3  2  0  2  1  5  3  1  1  2  3  1  3  1  3  5  3  5  5  3  2  3  1  2  0  0  1  0  0  0  0  0  
0  0  0  0  0  0  0  0  0  1  0  1  0  0  0  1  0  0  0  0  0  0  0  0  0  0  0  0  0  0  2  0  0  0  2  0  0  1  0  0  0  0  0  0  0  0  0  0  0  0  
